0 -5.46684 -0 -5.46684
0 -5.46684 -0 -5.46684
1 -0.0297347 -0 -0.0297347
2 -0.029011 -0 -0.029011
3 -0.027988 -0 -0.027988
4 -0.0268434 -0 -0.0268434
5 -0.0256772 -0 -0.0256772
6 -0.0245403 -0 -0.0245403
7 -0.023457 -0 -0.023457
8 -0.0224371 -0 -0.0224371
9 -0.0214831 -0 -0.0214831
10 -0.0205919 -0 -0.0205919
11 -0.0197589 -0 -0.0197589
12 -0.0189784 -0 -0.0189784
13 -0.0182444 -0 -0.0182444
14 -0.0175516 -0 -0.0175516
15 -0.0168955 -0 -0.0168955
16 -0.0162725 -0 -0.0162725
17 -0.0156798 -0 -0.0156798
18 -0.0151153 -0 -0.0151153
19 -0.0145775 -0 -0.0145775
20 -0.0140654 -0 -0.0140654
21 -0.0140525 -0 -0.0140525
22 -0.0140399 -0 -0.0140399
23 -0.0140261 -0 -0.0140261
24 -0.0140144 -0 -0.0140144
25 -0.0140011 -0 -0.0140011
26 -0.0139885 -0 -0.0139885
27 -0.0139753 -0 -0.0139753
28 -0.0139632 -0 -0.0139632
29 -0.0139498 -0 -0.0139498
30 -0.0139375 -0 -0.0139375
31 -0.0139245 -0 -0.0139245
32 -0.0139121 -0 -0.0139121
33 -0.0138993 -0 -0.0138993
34 -0.0138872 -0 -0.0138872
35 -0.0138738 -0 -0.0138738
36 -0.0138618 -0 -0.0138618
37 -0.0138491 -0 -0.0138491
38 -0.0138363 -0 -0.0138363
39 -0.0138241 -0 -0.0138241
40 -0.013811 -0 -0.013811
41 -0.0137982 -0 -0.0137982
42 -0.0137866 -0 -0.0137866
43 -0.0137738 -0 -0.0137738
44 -0.0137612 -0 -0.0137612
45 -0.013749 -0 -0.013749
46 -0.0137358 -0 -0.0137358
47 -0.013724 -0 -0.013724
48 -0.0137106 -0 -0.0137106
49 -0.0136992 -0 -0.0136992
50 -0.0136868 -0 -0.0136868
51 -0.0136745 -0 -0.0136745
52 -0.0136616 -0 -0.0136616
53 -0.0136495 -0 -0.0136495
54 -0.0136369 -0 -0.0136369
55 -0.0136248 -0 -0.0136248
56 -0.0136125 -0 -0.0136125
57 -0.0136001 -0 -0.0136001
58 -0.0135879 -0 -0.0135879
59 -0.0135756 -0 -0.0135756
60 -0.0135634 -0 -0.0135634
61 -0.0135507 -0 -0.0135507
62 -0.0135389 -0 -0.0135389
63 -0.0135272 -0 -0.0135272
64 -0.0135142 -0 -0.0135142
65 -0.013503 -0 -0.013503
66 -0.0134897 -0 -0.0134897
67 -0.0134778 -0 -0.0134778
68 -0.013466 -0 -0.013466
69 -0.0134544 -0 -0.0134544
70 -0.0134415 -0 -0.0134415
71 -0.0134297 -0 -0.0134297
72 -0.0134172 -0 -0.0134172
73 -0.0134056 -0 -0.0134056
74 -0.013394 -0 -0.013394
75 -0.013381 -0 -0.013381
76 -0.0133698 -0 -0.0133698
77 -0.0133571 -0 -0.0133571
78 -0.0133456 -0 -0.0133456
79 -0.0133338 -0 -0.0133338
80 -0.0133216 -0 -0.0133216
81 -0.0133095 -0 -0.0133095
82 -0.0132976 -0 -0.0132976
83 -0.0132858 -0 -0.0132858
84 -0.0132738 -0 -0.0132738
85 -0.0132625 -0 -0.0132625
86 -0.0132504 -0 -0.0132504
87 -0.013238 -0 -0.013238
88 -0.0132271 -0 -0.0132271
89 -0.0132151 -0 -0.0132151
90 -0.0132024 -0 -0.0132024
91 -0.0131912 -0 -0.0131912
92 -0.013179 -0 -0.013179
93 -0.0131681 -0 -0.0131681
94 -0.0131561 -0 -0.0131561
95 -0.0131441 -0 -0.0131441
96 -0.0131326 -0 -0.0131326
97 -0.0131205 -0 -0.0131205
98 -0.0131093 -0 -0.0131093
99 -0.0130977 -0 -0.0130977
100 -0.0130849 -0 -0.0130849
101 -0.0130744 -0 -0.0130744
102 -0.0130627 -0 -0.0130627
103 -0.0130509 -0 -0.0130509
104 -0.0130393 -0 -0.0130393
105 -0.0130276 -0 -0.0130276
106 -0.0130165 -0 -0.0130165
107 -0.0130049 -0 -0.0130049
108 -0.0129931 -0 -0.0129931
109 -0.0129815 -0 -0.0129815
110 -0.0129699 -0 -0.0129699
111 -0.0129589 -0 -0.0129589
112 -0.0129476 -0 -0.0129476
113 -0.0129356 -0 -0.0129356
114 -0.0129235 -0 -0.0129235
115 -0.0129133 -0 -0.0129133
116 -0.0129011 -0 -0.0129011
117 -0.0128902 -0 -0.0128902
118 -0.0128785 -0 -0.0128785
119 -0.0128676 -0 -0.0128676
120 -0.0128556 -0 -0.0128556
121 -0.0128449 -0 -0.0128449
122 -0.0128333 -0 -0.0128333
123 -0.0128217 -0 -0.0128217
124 -0.0128106 -0 -0.0128106
125 -0.0127996 -0 -0.0127996
126 -0.012788 -0 -0.012788
127 -0.0127767 -0 -0.0127767
128 -0.0127652 -0 -0.0127652
129 -0.0127548 -0 -0.0127548
130 -0.0127429 -0 -0.0127429
131 -0.0127319 -0 -0.0127319
132 -0.0127205 -0 -0.0127205
133 -0.0127098 -0 -0.0127098
134 -0.0126979 -0 -0.0126979
135 -0.012688 -0 -0.012688
136 -0.0126758 -0 -0.0126758
137 -0.0126648 -0 -0.0126648
138 -0.0126544 -0 -0.0126544
139 -0.0126427 -0 -0.0126427
140 -0.0126319 -0 -0.0126319
141 -0.0126208 -0 -0.0126208
142 -0.0126095 -0 -0.0126095
143 -0.0125989 -0 -0.0125989
144 -0.012588 -0 -0.012588
145 -0.0125761 -0 -0.0125761
146 -0.0125656 -0 -0.0125656
147 -0.0125546 -0 -0.0125546
148 -0.0125442 -0 -0.0125442
149 -0.0125328 -0 -0.0125328
150 -0.0125217 -0 -0.0125217
151 -0.0125108 -0 -0.0125108
152 -0.0125001 -0 -0.0125001
153 -0.0124892 -0 -0.0124892
154 -0.0124783 -0 -0.0124783
155 -0.0124677 -0 -0.0124677
156 -0.0124562 -0 -0.0124562
157 -0.0124461 -0 -0.0124461
158 -0.012435 -0 -0.012435
159 -0.0124243 -0 -0.0124243
160 -0.0124132 -0 -0.0124132
161 -0.0124027 -0 -0.0124027
162 -0.0123918 -0 -0.0123918
163 -0.0123813 -0 -0.0123813
164 -0.0123702 -0 -0.0123702
165 -0.0123595 -0 -0.0123595
166 -0.0123491 -0 -0.0123491
167 -0.0123384 -0 -0.0123384
168 -0.0123276 -0 -0.0123276
169 -0.0123169 -0 -0.0123169
170 -0.0123061 -0 -0.0123061
171 -0.0122958 -0 -0.0122958
172 -0.0122852 -0 -0.0122852
173 -0.0122744 -0 -0.0122744
174 -0.0122634 -0 -0.0122634
175 -0.0122535 -0 -0.0122535
176 -0.0122434 -0 -0.0122434
177 -0.0122319 -0 -0.0122319
178 -0.0122213 -0 -0.0122213
179 -0.0122109 -0 -0.0122109
180 -0.0122008 -0 -0.0122008
181 -0.0121901 -0 -0.0121901
182 -0.0121801 -0 -0.0121801
183 -0.0121682 -0 -0.0121682
184 -0.0121593 -0 -0.0121593
185 -0.0121483 -0 -0.0121483
186 -0.0121378 -0 -0.0121378
187 -0.0121271 -0 -0.0121271
188 -0.0121175 -0 -0.0121175
189 -0.0121063 -0 -0.0121063
190 -0.0120967 -0 -0.0120967
191 -0.0120859 -0 -0.0120859
192 -0.0120751 -0 -0.0120751
193 -0.0120653 -0 -0.0120653
194 -0.0120558 -0 -0.0120558
195 -0.0120444 -0 -0.0120444
196 -0.0120342 -0 -0.0120342
197 -0.0120244 -0 -0.0120244
198 -0.0120133 -0 -0.0120133
199 -0.0120037 -0 -0.0120037
200 -0.011993 -0 -0.011993
201 -0.0119831 -0 -0.0119831
202 -0.0119737 -0 -0.0119737
203 -0.0119618 -0 -0.0119618
204 -0.0119527 -0 -0.0119527
205 -0.0119426 -0 -0.0119426
206 -0.0119322 -0 -0.0119322
207 -0.0119217 -0 -0.0119217
208 -0.011912 -0 -0.011912
209 -0.0119021 -0 -0.0119021
210 -0.0118915 -0 -0.0118915
211 -0.011882 -0 -0.011882
212 -0.0118709 -0 -0.0118709
213 -0.0118616 -0 -0.0118616
214 -0.0118517 -0 -0.0118517
215 -0.0118413 -0 -0.0118413
216 -0.0118315 -0 -0.0118315
217 -0.0118207 -0 -0.0118207
218 -0.0118116 -0 -0.0118116
219 -0.0118014 -0 -0.0118014
220 -0.0117913 -0 -0.0117913
221 -0.0117814 -0 -0.0117814
222 -0.0117713 -0 -0.0117713
223 -0.0117619 -0 -0.0117619
224 -0.0117522 -0 -0.0117522
225 -0.011741 -0 -0.011741
226 -0.0117322 -0 -0.0117322
227 -0.011722 -0 -0.011722
228 -0.0117117 -0 -0.0117117
229 -0.0117025 -0 -0.0117025
230 -0.0116924 -0 -0.0116924
231 -0.0116825 -0 -0.0116825
232 -0.0116729 -0 -0.0116729
233 -0.0116631 -0 -0.0116631
234 -0.0116528 -0 -0.0116528
235 -0.0116452 -0 -0.0116452
236 -0.0116361 -0 -0.0116361
237 -0.0116259 -0 -0.0116259
238 -0.0116156 -0 -0.0116156
239 -0.0116063 -0 -0.0116063
240 -0.0115964 -0 -0.0115964
241 -0.0115868 -0 -0.0115868
242 -0.0115773 -0 -0.0115773
243 -0.0115679 -0 -0.0115679
244 -0.0115575 -0 -0.0115575
245 -0.0115483 -0 -0.0115483
246 -0.0115386 -0 -0.0115386
247 -0.0115291 -0 -0.0115291
248 -0.0115192 -0 -0.0115192
249 -0.0115096 -0 -0.0115096
250 -0.0115002 -0 -0.0115002
251 -0.0114902 -0 -0.0114902
252 -0.0114808 -0 -0.0114808
253 -0.0114716 -0 -0.0114716
254 -0.0114617 -0 -0.0114617
255 -0.0114526 -0 -0.0114526
256 -0.0114424 -0 -0.0114424
257 -0.0114334 -0 -0.0114334
258 -0.0114245 -0 -0.0114245
259 -0.0114134 -0 -0.0114134
260 -0.0114055 -0 -0.0114055
261 -0.0113946 -0 -0.0113946
262 -0.0113865 -0 -0.0113865
263 -0.0113763 -0 -0.0113763
264 -0.011367 -0 -0.011367
265 -0.0113577 -0 -0.0113577
266 -0.0113478 -0 -0.0113478
267 -0.0113393 -0 -0.0113393
268 -0.0113297 -0 -0.0113297
269 -0.01132 -0 -0.01132
270 -0.0113108 -0 -0.0113108
271 -0.0113016 -0 -0.0113016
272 -0.0112925 -0 -0.0112925
273 -0.0112827 -0 -0.0112827
274 -0.0112737 -0 -0.0112737
275 -0.0112644 -0 -0.0112644
276 -0.0112551 -0 -0.0112551
277 -0.0112455 -0 -0.0112455
278 -0.0112362 -0 -0.0112362
279 -0.0112274 -0 -0.0112274
280 -0.011218 -0 -0.011218
281 -0.0112088 -0 -0.0112088
282 -0.0111996 -0 -0.0111996
283 -0.0111905 -0 -0.0111905
284 -0.0111812 -0 -0.0111812
285 -0.0111719 -0 -0.0111719
286 -0.011163 -0 -0.011163
287 -0.011154 -0 -0.011154
288 -0.0111448 -0 -0.0111448
289 -0.0111355 -0 -0.0111355
290 -0.0111255 -0 -0.0111255
291 -0.011118 -0 -0.011118
292 -0.011108 -0 -0.011108
293 -0.0110992 -0 -0.0110992
294 -0.0110903 -0 -0.0110903
295 -0.0110803 -0 -0.0110803
296 -0.0110727 -0 -0.0110727
297 -0.0110623 -0 -0.0110623
298 -0.0110543 -0 -0.0110543
299 -0.0110451 -0 -0.0110451
300 -0.0110359 -0 -0.0110359
301 -0.0110267 -0 -0.0110267
302 -0.0110178 -0 -0.0110178
303 -0.0110091 -0 -0.0110091
304 -0.0109998 -0 -0.0109998
305 -0.0109913 -0 -0.0109913
306 -0.0109818 -0 -0.0109818
307 -0.0109734 -0 -0.0109734
308 -0.0109642 -0 -0.0109642
309 -0.0109555 -0 -0.0109555
310 -0.0109468 -0 -0.0109468
311 -0.0109372 -0 -0.0109372
312 -0.010929 -0 -0.010929
313 -0.0109199 -0 -0.0109199
314 -0.0109115 -0 -0.0109115
315 -0.0109019 -0 -0.0109019
316 -0.0108939 -0 -0.0108939
317 -0.0108842 -0 -0.0108842
318 -0.0108762 -0 -0.0108762
319 -0.0108672 -0 -0.0108672
320 -0.0108574 -0 -0.0108574
321 -0.0108497 -0 -0.0108497
322 -0.0108409 -0 -0.0108409
323 -0.0108324 -0 -0.0108324
324 -0.0108233 -0 -0.0108233
325 -0.0108137 -0 -0.0108137
326 -0.0108059 -0 -0.0108059
327 -0.0107975 -0 -0.0107975
328 -0.0107883 -0 -0.0107883
329 -0.0107796 -0 -0.0107796
330 -0.010771 -0 -0.010771
331 -0.0107628 -0 -0.0107628
332 -0.010754 -0 -0.010754
333 -0.0107446 -0 -0.0107446
334 -0.0107363 -0 -0.0107363
335 -0.0107275 -0 -0.0107275
336 -0.0107196 -0 -0.0107196
337 -0.0107107 -0 -0.0107107
338 -0.0107017 -0 -0.0107017
339 -0.0106934 -0 -0.0106934
340 -0.0106847 -0 -0.0106847
341 -0.0106765 -0 -0.0106765
342 -0.010668 -0 -0.010668
343 -0.010659 -0 -0.010659
344 -0.0106503 -0 -0.0106503
345 -0.0106423 -0 -0.0106423
346 -0.0106337 -0 -0.0106337
347 -0.0106249 -0 -0.0106249
348 -0.0106166 -0 -0.0106166
349 -0.0106084 -0 -0.0106084
350 -0.0105999 -0 -0.0105999
351 -0.0105906 -0 -0.0105906
352 -0.010583 -0 -0.010583
353 -0.0105741 -0 -0.0105741
354 -0.0105659 -0 -0.0105659
355 -0.0105574 -0 -0.0105574
356 -0.0105487 -0 -0.0105487
357 -0.0105411 -0 -0.0105411
358 -0.0105312 -0 -0.0105312
359 -0.0105246 -0 -0.0105246
360 -0.0105152 -0 -0.0105152
361 -0.010507 -0 -0.010507
362 -0.0104984 -0 -0.0104984
363 -0.0104906 -0 -0.0104906
364 -0.0104814 -0 -0.0104814
365 -0.0104736 -0 -0.0104736
366 -0.0104653 -0 -0.0104653
367 -0.0104573 -0 -0.0104573
368 -0.0104482 -0 -0.0104482
369 -0.0104405 -0 -0.0104405
370 -0.0104322 -0 -0.0104322
371 -0.0104233 -0 -0.0104233
372 -0.0104156 -0 -0.0104156
373 -0.010407 -0 -0.010407
374 -0.0103993 -0 -0.0103993
375 -0.0103905 -0 -0.0103905
376 -0.0103827 -0 -0.0103827
377 -0.0103742 -0 -0.0103742
378 -0.0103657 -0 -0.0103657
379 -0.0103577 -0 -0.0103577
380 -0.0103495 -0 -0.0103495
381 -0.0103421 -0 -0.0103421
382 -0.0103329 -0 -0.0103329
383 -0.0103245 -0 -0.0103245
384 -0.0103171 -0 -0.0103171
385 -0.0103086 -0 -0.0103086
386 -0.0103005 -0 -0.0103005
387 -0.0102923 -0 -0.0102923
388 -0.010284 -0 -0.010284
389 -0.0102769 -0 -0.0102769
390 -0.0102674 -0 -0.0102674
391 -0.0102602 -0 -0.0102602
392 -0.0102517 -0 -0.0102517
393 -0.0102439 -0 -0.0102439
394 -0.0102353 -0 -0.0102353
395 -0.0102276 -0 -0.0102276
396 -0.0102194 -0 -0.0102194
397 -0.0102113 -0 -0.0102113
398 -0.0102036 -0 -0.0102036
399 -0.0101951 -0 -0.0101951
400 -0.0101872 -0 -0.0101872
401 -0.0101795 -0 -0.0101795
402 -0.0101707 -0 -0.0101707
403 -0.0101632 -0 -0.0101632
404 -0.0101554 -0 -0.0101554
405 -0.010147 -0 -0.010147
406 -0.0101391 -0 -0.0101391
407 -0.0101312 -0 -0.0101312
408 -0.0101229 -0 -0.0101229
409 -0.0101158 -0 -0.0101158
410 -0.0101071 -0 -0.0101071
411 -0.0100994 -0 -0.0100994
412 -0.010091 -0 -0.010091
413 -0.0100832 -0 -0.0100832
414 -0.0100755 -0 -0.0100755
415 -0.0100681 -0 -0.0100681
416 -0.0100594 -0 -0.0100594
417 -0.0100517 -0 -0.0100517
418 -0.0100435 -0 -0.0100435
419 -0.0100364 -0 -0.0100364
420 -0.0100279 -0 -0.0100279
421 -0.0100203 -0 -0.0100203
422 -0.0100118 -0 -0.0100118
423 -0.0100042 -0 -0.0100042
424 -0.00999686 -0 -0.00999686
425 -0.00998866 -0 -0.00998866
426 -0.00998064 -0 -0.00998064
427 -0.00997308 -0 -0.00997308
428 -0.00996516 -0 -0.00996516
429 -0.00995708 -0 -0.00995708
430 -0.00994982 -0 -0.00994982
431 -0.00994148 -0 -0.00994148
432 -0.00993364 -0 -0.00993364
433 -0.00992621 -0 -0.00992621
434 -0.00991825 -0 -0.00991825
435 -0.00991047 -0 -0.00991047
436 -0.00990284 -0 -0.00990284
437 -0.00989501 -0 -0.00989501
438 -0.00988702 -0 -0.00988702
439 -0.00987957 -0 -0.00987957
440 -0.00987169 -0 -0.00987169
441 -0.00986401 -0 -0.00986401
442 -0.00985599 -0 -0.00985599
443 -0.0098483 -0 -0.0098483
444 -0.00984077 -0 -0.00984077
445 -0.00983285 -0 -0.00983285
446 -0.00982534 -0 -0.00982534
447 -0.00981777 -0 -0.00981777
448 -0.0098099 -0 -0.0098099
449 -0.00980195 -0 -0.00980195
450 -0.0097942 -0 -0.0097942
451 -0.00978728 -0 -0.00978728
452 -0.00977894 -0 -0.00977894
453 -0.00977175 -0 -0.00977175
454 -0.00976362 -0 -0.00976362
455 -0.00975607 -0 -0.00975607
456 -0.00974837 -0 -0.00974837
457 -0.0097408 -0 -0.0097408
458 -0.0097328 -0 -0.0097328
459 -0.00972612 -0 -0.00972612
460 -0.00971767 -0 -0.00971767
461 -0.00971016 -0 -0.00971016
462 -0.00970321 -0 -0.00970321
463 -0.00969482 -0 -0.00969482
464 -0.0096877 -0 -0.0096877
465 -0.00967987 -0 -0.00967987
466 -0.00967206 -0 -0.00967206
467 -0.00966443 -0 -0.00966443
468 -0.0096572 -0 -0.0096572
469 -0.00964964 -0 -0.00964964
470 -0.00964187 -0 -0.00964187
471 -0.00963421 -0 -0.00963421
472 -0.00962722 -0 -0.00962722
473 -0.00961922 -0 -0.00961922
474 -0.00961157 -0 -0.00961157
475 -0.00960448 -0 -0.00960448
476 -0.00959649 -0 -0.00959649
477 -0.00958905 -0 -0.00958905
478 -0.00958119 -0 -0.00958119
479 -0.00957433 -0 -0.00957433
480 -0.00956672 -0 -0.00956672
481 -0.00955842 -0 -0.00955842
482 -0.0095519 -0 -0.0095519
483 -0.00954363 -0 -0.00954363
484 -0.00953671 -0 -0.00953671
485 -0.0095291 -0 -0.0095291
486 -0.00952159 -0 -0.00952159
487 -0.00951403 -0 -0.00951403
488 -0.0095067 -0 -0.0095067
489 -0.00949887 -0 -0.00949887
490 -0.00949154 -0 -0.00949154
491 -0.00948452 -0 -0.00948452
492 -0.00947645 -0 -0.00947645
493 -0.00946933 -0 -0.00946933
494 -0.00946187 -0 -0.00946187
495 -0.00945508 -0 -0.00945508
496 -0.00944666 -0 -0.00944666
497 -0.00943926 -0 -0.00943926
498 -0.00943187 -0 -0.00943187
499 -0.00942518 -0 -0.00942518
500 -0.00941736 -0 -0.00941736
501 -0.00940932 -0 -0.00940932
502 -0.00940282 -0 -0.00940282
503 -0.00939475 -0 -0.00939475
504 -0.00938793 -0 -0.00938793
505 -0.00938067 -0 -0.00938067
506 -0.00937257 -0 -0.00937257
507 -0.00936529 -0 -0.00936529
508 -0.00935858 -0 -0.00935858
509 -0.00935071 -0 -0.00935071
510 -0.0093436 -0 -0.0093436
511 -0.00933563 -0 -0.00933563
512 -0.00932854 -0 -0.00932854
513 -0.00932113 -0 -0.00932113
514 -0.00931433 -0 -0.00931433
515 -0.00930642 -0 -0.00930642
516 -0.00929935 -0 -0.00929935
517 -0.0092919 -0 -0.0092919
518 -0.00928443 -0 -0.00928443
519 -0.00927753 -0 -0.00927753
520 -0.0092702 -0 -0.0092702
521 -0.00926268 -0 -0.00926268
522 -0.00925537 -0 -0.00925537
523 -0.00924814 -0 -0.00924814
524 -0.00924027 -0 -0.00924027
525 -0.00923419 -0 -0.00923419
526 -0.00922535 -0 -0.00922535
527 -0.00921886 -0 -0.00921886
528 -0.00921188 -0 -0.00921188
529 -0.00920425 -0 -0.00920425
530 -0.00919718 -0 -0.00919718
531 -0.00918931 -0 -0.00918931
532 -0.00918251 -0 -0.00918251
533 -0.00917508 -0 -0.00917508
534 -0.00916776 -0 -0.00916776
535 -0.00916126 -0 -0.00916126
536 -0.00915254 -0 -0.00915254
537 -0.00914611 -0 -0.00914611
538 -0.00913938 -0 -0.00913938
539 -0.00913115 -0 -0.00913115
540 -0.00912509 -0 -0.00912509
541 -0.00911659 -0 -0.00911659
542 -0.0091102 -0 -0.0091102
543 -0.00910315 -0 -0.00910315
544 -0.00909534 -0 -0.00909534
545 -0.00908793 -0 -0.00908793
546 -0.00908119 -0 -0.00908119
547 -0.00907359 -0 -0.00907359
548 -0.00906691 -0 -0.00906691
549 -0.00905866 -0 -0.00905866
550 -0.00905307 -0 -0.00905307
551 -0.00904489 -0 -0.00904489
552 -0.0090376 -0 -0.0090376
553 -0.00903051 -0 -0.00903051
554 -0.00902404 -0 -0.00902404
555 -0.0090162 -0 -0.0090162
556 -0.00900879 -0 -0.00900879
557 -0.00900226 -0 -0.00900226
558 -0.0089948 -0 -0.0089948
559 -0.00898728 -0 -0.00898728
560 -0.00897997 -0 -0.00897997
561 -0.00897366 -0 -0.00897366
562 -0.00896659 -0 -0.00896659
563 -0.0089589 -0 -0.0089589
564 -0.00895142 -0 -0.00895142
565 -0.00894487 -0 -0.00894487
566 -0.00893761 -0 -0.00893761
567 -0.00893009 -0 -0.00893009
568 -0.0089235 -0 -0.0089235
569 -0.00891617 -0 -0.00891617
570 -0.00890911 -0 -0.00890911
571 -0.00890173 -0 -0.00890173
572 -0.00889483 -0 -0.00889483
573 -0.00888764 -0 -0.00888764
574 -0.00888057 -0 -0.00888057
575 -0.00887356 -0 -0.00887356
576 -0.00886637 -0 -0.00886637
577 -0.00885898 -0 -0.00885898
578 -0.00885182 -0 -0.00885182
579 -0.00884527 -0 -0.00884527
580 -0.00883781 -0 -0.00883781
581 -0.00883038 -0 -0.00883038
582 -0.00882407 -0 -0.00882407
583 -0.00881691 -0 -0.00881691
584 -0.00880922 -0 -0.00880922
585 -0.00880304 -0 -0.00880304
586 -0.0087953 -0 -0.0087953
587 -0.00878871 -0 -0.00878871
588 -0.00878116 -0 -0.00878116
589 -0.00877412 -0 -0.00877412
590 -0.00876728 -0 -0.00876728
591 -0.00875998 -0 -0.00875998
592 -0.00875325 -0 -0.00875325
593 -0.00874632 -0 -0.00874632
594 -0.00873894 -0 -0.00873894
595 -0.00873153 -0 -0.00873153
596 -0.00872549 -0 -0.00872549
597 -0.00871748 -0 -0.00871748
598 -0.00871098 -0 -0.00871098
599 -0.00870371 -0 -0.00870371
600 -0.00869664 -0 -0.00869664
601 -0.00869031 -0 -0.00869031
602 -0.00868282 -0 -0.00868282
603 -0.00867554 -0 -0.00867554
604 -0.00866914 -0 -0.00866914
605 -0.00866135 -0 -0.00866135
606 -0.00865479 -0 -0.00865479
607 -0.00864751 -0 -0.00864751
608 -0.00864102 -0 -0.00864102
609 -0.00863375 -0 -0.00863375
610 -0.00862689 -0 -0.00862689
611 -0.00861944 -0 -0.00861944
612 -0.00861262 -0 -0.00861262
613 -0.00860646 -0 -0.00860646
614 -0.00859847 -0 -0.00859847
615 -0.00859198 -0 -0.00859198
616 -0.00858485 -0 -0.00858485
617 -0.00857781 -0 -0.00857781
618 -0.00857111 -0 -0.00857111
619 -0.0085642 -0 -0.0085642
