0 0.577679 0.000816549
1 0.0902524 -5.4901e-05
2 0.0798434 0.000140109
3 0.0741967 0.00015798
4 0.0709489 9.60802e-05
5 0.0689998 3.62453e-06
6 0.0678185 -9.14104e-05
7 0.0671316 -0.000171812
8 0.0667859 -0.000227039
9 0.0666885 -0.000251329
10 0.0667778 -0.000242655
11 0.06701 -0.000201981
12 0.0673517 -0.000132585
13 0.0677762 -3.93681e-05
14 0.068261 7.18193e-05
15 0.0687869 0.000194778
16 0.0693374 0.000323457
17 0.0698982 0.000452323
18 0.0704574 0.000576627
19 0.0710053 0.000692555
20 0.0715343 0.000797302
21 0.0720386 0.000889072
22 0.0725144 0.000967021
23 0.0729591 0.00103115
24 0.0733718 0.00108215
25 0.0737524 0.0011213
26 0.0741019 0.00115022
27 0.0744217 0.00117079
28 0.0747137 0.00118498
29 0.0749801 0.00119472
30 0.0752233 0.00120183
31 0.0754455 0.00120792
32 0.0756489 0.00121437
33 0.0758356 0.00122229
34 0.0760073 0.0012325
35 0.0761658 0.00124555
36 0.0763122 0.00126175
37 0.0764479 0.00128116
38 0.0765737 0.00130364
39 0.0766903 0.00132887
40 0.0767985 0.00135643
41 0.0768985 0.00138577
42 0.0769907 0.0014163
43 0.0770754 0.00144738
44 0.0771528 0.00147838
45 0.0772228 0.00150869
46 0.0772858 0.00153774
47 0.0773416 0.00156503
48 0.0773905 0.00159012
49 0.0774282 0.00161262
50 0.0774631 0.00163253
51 0.0774811 0.00164166
52 0.0774957 0.00165
53 0.0775085 0.00165757
54 0.0775198 0.00166435
55 0.0775294 0.00167035
56 0.0775374 0.00167555
57 0.0775439 0.00167996
58 0.0775488 0.00168357
59 0.0775523 0.0016864
60 0.0775543 0.00168847
61 0.0775549 0.00168979
62 0.0775541 0.00169037
63 0.077552 0.00169025
64 0.0775485 0.00168946
65 0.0775439 0.00168801
66 0.077538 0.00168595
67 0.077531 0.00168331
68 0.0775228 0.00168011
69 0.0775136 0.00167641
70 0.0775034 0.00167223
71 0.0774923 0.00166762
72 0.0774802 0.0016626
73 0.0774673 0.00165722
74 0.0774536 0.00165152
75 0.0774391 0.00164553
76 0.0774239 0.0016393
77 0.0774081 0.00163285
78 0.0773918 0.00162622
79 0.0773748 0.00161945
80 0.0773574 0.00161257
81 0.0773396 0.00160562
82 0.0773213 0.00159861
83 0.0773028 0.00159159
84 0.0772839 0.00158458
85 0.0772648 0.00157761
86 0.0772456 0.00157069
87 0.0772261 0.00156386
88 0.0772066 0.00155713
89 0.077187 0.00155053
90 0.0771674 0.00154407
91 0.0771478 0.00153776
92 0.0771282 0.00153163
93 0.0771087 0.00152569
94 0.0770894 0.00151995
95 0.0770702 0.00151441
96 0.0770512 0.0015091
97 0.0770324 0.001504
98 0.0770139 0.00149914
99 0.0769956 0.00149452
100 0.0769776 0.00149013
101 0.0769599 0.00148599
102 0.0769426 0.00148209
103 0.0769255 0.00147843
104 0.0769089 0.00147502
105 0.0768927 0.00147185
106 0.0768768 0.00146892
107 0.0768614 0.00146622
108 0.0768463 0.00146376
109 0.0768318 0.00146153
110 0.0768176 0.00145952
111 0.0768039 0.00145772
112 0.0767906 0.00145614
113 0.0767778 0.00145476
114 0.0767655 0.00145358
115 0.0767536 0.00145259
116 0.0767422 0.00145179
117 0.0767313 0.00145116
118 0.0767208 0.0014507
119 0.0767108 0.00145041
120 0.0767012 0.00145026
121 0.0766921 0.00145026
122 0.0766834 0.0014504
123 0.0766752 0.00145067
124 0.0766674 0.00145107
125 0.0766601 0.00145158
126 0.0766532 0.00145219
127 0.0766467 0.00145291
128 0.0766407 0.00145372
129 0.076635 0.00145462
130 0.0766297 0.00145561
131 0.0766249 0.00145666
132 0.0766204 0.00145778
133 0.0766163 0.00145897
134 0.0766125 0.00146021
135 0.0766091 0.00146151
136 0.076606 0.00146285
137 0.0766033 0.00146424
138 0.0766009 0.00146566
139 0.0765988 0.00146712
140 0.076597 0.00146861
141 0.0765955 0.00147013
142 0.0765943 0.00147166
143 0.0765933 0.00147322
144 0.0765927 0.0014748
145 0.0765922 0.00147639
146 0.076592 0.001478
147 0.076592 0.00147961
148 0.0765923 0.00148124
149 0.0765927 0.00148287
150 0.0765934 0.00148451
151 0.0765942 0.00148615
152 0.0765952 0.00148779
153 0.0765964 0.00148944
154 0.0765977 0.00149108
155 0.0765992 0.00149273
156 0.0766009 0.00149438
157 0.0766026 0.00149602
158 0.0766045 0.00149767
159 0.0766065 0.00149931
160 0.0766086 0.00150095
161 0.0766108 0.00150259
162 0.0766123 0.0015031
163 0.0766147 0.00150492
164 0.0766173 0.0015067
165 0.0766199 0.00150848
166 0.0766225 0.00151026
167 0.0766253 0.00151203
168 0.076628 0.0015138
169 0.0766308 0.00151555
170 0.0766336 0.0015173
171 0.0766364 0.00151903
172 0.0766392 0.00152075
173 0.076642 0.00152246
174 0.0766449 0.00152416
175 0.0766477 0.00152584
176 0.0766505 0.0015275
177 0.0766533 0.00152916
178 0.0766561 0.00153079
179 0.0766588 0.00153242
180 0.0766615 0.00153402
181 0.0766642 0.00153562
182 0.0766669 0.00153719
183 0.0766695 0.00153876
184 0.0766721 0.00154031
185 0.0766746 0.00154184
186 0.0766771 0.00154336
187 0.0766796 0.00154486
188 0.076682 0.00154634
0 0.577679 0.000816549
1 0.0902524 -5.4901e-05
2 0.0798434 0.000140109
3 0.0741967 0.00015798
4 0.0709489 9.60802e-05
5 0.0689998 3.62453e-06
6 0.0678185 -9.14104e-05
7 0.0671316 -0.000171812
8 0.0667859 -0.000227039
9 0.0666885 -0.000251329
10 0.0667778 -0.000242655
11 0.06701 -0.000201981
12 0.0673517 -0.000132585
13 0.0677762 -3.93681e-05
14 0.068261 7.18193e-05
15 0.0687869 0.000194778
16 0.0693374 0.000323457
17 0.0698982 0.000452323
18 0.0704574 0.000576627
19 0.0710053 0.000692555
20 0.0715343 0.000797302
21 0.0720386 0.000889072
22 0.0725144 0.000967021
23 0.0729591 0.00103115
24 0.0733718 0.00108215
25 0.0737524 0.0011213
26 0.0741019 0.00115022
27 0.0744217 0.00117079
28 0.0747137 0.00118498
29 0.0749801 0.00119472
30 0.0752233 0.00120183
31 0.0754455 0.00120792
32 0.0756489 0.00121437
33 0.0758356 0.00122229
34 0.0760073 0.0012325
35 0.0761658 0.00124555
36 0.0763122 0.00126175
37 0.0764479 0.00128116
38 0.0765737 0.00130364
39 0.0766903 0.00132887
40 0.0767985 0.00135643
41 0.0768985 0.00138577
42 0.0769907 0.0014163
43 0.0770754 0.00144738
44 0.0771528 0.00147838
45 0.0772228 0.00150869
46 0.0772858 0.00153774
47 0.0773416 0.00156503
48 0.0773905 0.00159012
49 0.0774282 0.00161262
50 0.0774631 0.00163253
51 0.0774696 0.00163468
52 0.0774731 0.00163661
53 0.0774765 0.00163848
54 0.0774799 0.00164032
55 0.0774831 0.00164212
56 0.0774863 0.0016439
57 0.0774895 0.00164565
58 0.0774892 0.00164726
59 0.077492 0.0016489
60 0.0774948 0.00165057
61 0.0774975 0.00165222
62 0.0775001 0.00165385
63 0.0775027 0.00165544
64 0.0775053 0.00165701
65 0.0775077 0.00165855
66 0.0775101 0.00166006
67 0.0775125 0.00166154
68 0.0775148 0.00166299
69 0.077517 0.0016644
70 0.0775191 0.00166579
71 0.0775212 0.00166714
72 0.0775232 0.00166846
73 0.0775252 0.00166975
74 0.0775271 0.00167101
75 0.077529 0.00167224
76 0.0775308 0.00167343
77 0.0775325 0.00167459
78 0.0775341 0.00167572
79 0.0775357 0.00167682
80 0.0775373 0.00167788
81 0.0775388 0.00167891
82 0.0775402 0.00167991
83 0.0775415 0.00168087
84 0.0775428 0.0016818
85 0.0775441 0.0016827
86 0.0775452 0.00168357
87 0.0775464 0.0016844
88 0.0775474 0.0016852
89 0.0775484 0.00168597
90 0.0775493 0.00168671
91 0.0775502 0.00168741
92 0.077551 0.00168808
93 0.0775518 0.00168872
94 0.0775525 0.00168932
95 0.0775531 0.0016899
96 0.0775537 0.00169044
97 0.0775542 0.00169095
98 0.0775547 0.00169143
99 0.0775551 0.00169187
0 0.57768 0.000817968
1 0.0902518 -5.43788e-05
2 0.0798438 0.000141093
3 0.0741978 0.000158596
4 0.0709506 9.64528e-05
5 0.0690018 3.9295e-06
6 0.0678208 -9.1045e-05
7 0.0671341 -0.000171333
8 0.0667888 -0.000226438
9 0.0666916 -0.000250623
10 0.0667812 -0.000241866
11 0.0670136 -0.000201136
12 0.0673556 -0.000131711
13 0.0677802 -3.84926e-05
14 0.0682651 7.26691e-05
15 0.068791 0.000195577
16 0.0693413 0.00032418
17 0.069902 0.000452952
18 0.0704611 0.000577145
19 0.0710088 0.000692949
20 0.0715376 0.000797564
21 0.0720417 0.000889199
22 0.0725172 0.000967012
23 0.0729617 0.00103101
24 0.0733742 0.00108189
25 0.0737547 0.00112092
26 0.0741039 0.00114973
27 0.0744235 0.00117021
28 0.0747154 0.00118432
29 0.0749817 0.001194
30 0.0752248 0.00120106
31 0.0754469 0.00120711
32 0.0756502 0.00121354
33 0.0758368 0.00122144
34 0.0760084 0.00123166
35 0.0761668 0.00124473
36 0.0763132 0.00126095
37 0.0764488 0.00128039
38 0.0765745 0.00130291
39 0.0766911 0.0013282
40 0.0767991 0.00135581
41 0.0768991 0.00138521
42 0.0769913 0.0014158
43 0.0770759 0.00144694
44 0.0771532 0.00147801
45 0.0772232 0.00150838
46 0.0772861 0.0015375
47 0.0773412 0.00156478
48 0.07739 0.00158995
49 0.0774319 0.00161255
50 0.0774672 0.00163231
51 0.0774693 0.00163337
52 0.077471 0.00163435
53 0.0774727 0.00163531
54 0.0774744 0.00163627
55 0.0774761 0.00163722
56 0.0774778 0.00163816
57 0.0774794 0.0016391
58 0.0774811 0.00164002
59 0.0774827 0.00164094
60 0.0774843 0.00164185
61 0.0774859 0.00164276
62 0.0774874 0.00164366
63 0.077489 0.00164454
64 0.0774905 0.00164543
65 0.077492 0.0016463
66 0.0774935 0.00164717
67 0.077495 0.00164803
68 0.0774965 0.00164888
69 0.0774979 0.00164973
70 0.0774994 0.00165057
71 0.0775008 0.00165139
72 0.0775022 0.00165221
73 0.0775036 0.00165303
74 0.0775049 0.00165384
75 0.0775063 0.00165464
76 0.0775076 0.00165543
77 0.0775089 0.00165621
78 0.0775102 0.00165699
79 0.0775115 0.00165776
80 0.0775127 0.00165851
81 0.077514 0.00165927
82 0.0775153 0.00166002
83 0.0775165 0.00166075
84 0.0775177 0.00166148
85 0.0775189 0.00166221
86 0.07752 0.00166292
87 0.0775212 0.00166362
88 0.0775223 0.00166432
89 0.0775234 0.00166501
90 0.0775245 0.00166569
91 0.0775256 0.00166636
92 0.0775267 0.00166704
93 0.0775277 0.00166769
94 0.0775288 0.00166834
95 0.0775298 0.00166898
96 0.0775308 0.00166961
97 0.0775318 0.00167024
98 0.0775327 0.00167086
99 0.0775337 0.00167147
100 0.0775346 0.00167207
101 0.0775356 0.00167267
102 0.0775365 0.00167325
103 0.0775374 0.00167383
104 0.0775382 0.0016744
105 0.0775391 0.00167496
106 0.07754 0.00167551
107 0.0775408 0.00167606
108 0.0775416 0.00167659
109 0.0775424 0.00167712
110 0.0775432 0.00167764
111 0.0775439 0.00167816
112 0.0775447 0.00167866
113 0.0775454 0.00167916
114 0.0775461 0.00167965
115 0.0775468 0.00168012
116 0.0775475 0.0016806
117 0.0775482 0.00168106
118 0.0775489 0.00168152
119 0.0775495 0.00168196
120 0.0775501 0.0016824
121 0.0775507 0.00168284
122 0.0775513 0.00168326
123 0.0775519 0.00168367
124 0.0775525 0.00168408
125 0.077553 0.00168448
126 0.0775535 0.00168487
127 0.0775541 0.00168525
128 0.0775545 0.00168562
129 0.0775551 0.00168599
130 0.0775555 0.00168635
131 0.0775559 0.0016867
132 0.0775564 0.00168705
133 0.0775568 0.00168737
134 0.0775572 0.0016877
135 0.0775577 0.00168802
136 0.077558 0.00168833
137 0.0775584 0.00168863
138 0.0775587 0.00168892
139 0.0775591 0.00168921
140 0.0775594 0.00168949
141 0.0775597 0.00168976
142 0.07756 0.00169002
143 0.0775602 0.00169027
144 0.0775605 0.00169052
145 0.0775608 0.00169076
146 0.077561 0.00169098
147 0.0775612 0.00169121
148 0.0775614 0.00169142
149 0.0775616 0.00169163
150 0.0775618 0.00169182
151 0.077562 0.00169202
152 0.0775621 0.0016922
153 0.0775622 0.00169237
154 0.0775623 0.00169255
155 0.0775624 0.00169271
156 0.0775625 0.00169286
157 0.0775626 0.001693
158 0.0775626 0.00169314
159 0.0775627 0.00169326
160 0.0775627 0.00169339
161 0.0775627 0.0016935
162 0.0775627 0.00169361
163 0.0775627 0.0016937
164 0.0775627 0.0016938
165 0.0775626 0.00169388
166 0.0775626 0.00169395
167 0.0775625 0.00169402
168 0.0775624 0.00169408
169 0.0775623 0.00169413
170 0.0775622 0.00169418
171 0.0775621 0.00169422
172 0.077562 0.00169425
173 0.0775618 0.00169427
174 0.0775617 0.00169429
175 0.0775615 0.0016943
176 0.0775613 0.0016943
177 0.0775611 0.00169429
178 0.0775609 0.00169428
179 0.0775606 0.00169426
180 0.0775604 0.00169423
181 0.0775601 0.00169419
182 0.0775599 0.00169416
183 0.0775596 0.00169411
184 0.0775593 0.00169405
185 0.0775589 0.00169398
186 0.0775586 0.00169392
187 0.0775583 0.00169384
188 0.0775579 0.00169375
189 0.0775575 0.00169366
190 0.0775572 0.00169356
191 0.0775568 0.00169346
192 0.0775564 0.00169335
193 0.0775559 0.00169323
194 0.0775555 0.00169311
195 0.0775551 0.00169297
196 0.0775547 0.00169284
197 0.0775542 0.00169269
198 0.0775537 0.00169254
199 0.0775532 0.00169238
200 0.0775527 0.00169221
201 0.0775522 0.00169204
202 0.0775516 0.00169186
203 0.0775511 0.00169168
204 0.0775505 0.00169148
205 0.07755 0.00169129
206 0.0775494 0.00169109
207 0.0775488 0.00169087
208 0.0775482 0.00169066
209 0.0775476 0.00169044
210 0.0775469 0.0016902
211 0.0775463 0.00168997
212 0.0775456 0.00168972
213 0.077545 0.00168948
214 0.0775443 0.00168922
215 0.0775436 0.00168896
216 0.0775429 0.0016887
217 0.0775422 0.00168842
218 0.0775415 0.00168815
219 0.0775407 0.00168786
220 0.07754 0.00168757
221 0.0775392 0.00168727
222 0.0775384 0.00168697
223 0.0775377 0.00168667
224 0.0775369 0.00168635
225 0.0775361 0.00168603
226 0.0775352 0.00168571
227 0.0775344 0.00168537
228 0.0775336 0.00168504
229 0.0775327 0.0016847
230 0.0775319 0.00168435
231 0.077531 0.00168399
232 0.0775301 0.00168364
233 0.0775292 0.00168328
234 0.0775283 0.0016829
235 0.0775274 0.00168253
236 0.0775265 0.00168215
237 0.0775255 0.00168176
238 0.0775246 0.00168137
239 0.0775236 0.00168098
240 0.0775226 0.00168057
241 0.0775217 0.00168017
242 0.0775207 0.00167976
243 0.0775197 0.00167934
244 0.0775187 0.00167892
245 0.0775176 0.00167849
246 0.0775166 0.00167806
247 0.0775155 0.00167762
248 0.0775145 0.00167719
249 0.0775134 0.00167673
250 0.0775124 0.00167629
251 0.0775112 0.00167583
252 0.0775102 0.00167537
253 0.0775091 0.00167491
254 0.0775079 0.00167444
255 0.0775068 0.00167396
256 0.0775057 0.00167348
257 0.0775046 0.001673
258 0.0775034 0.00167251
259 0.0775022 0.00167202
260 0.0775011 0.00167153
261 0.0774999 0.00167102
262 0.0774987 0.00167052
263 0.0774975 0.00167001
264 0.0774963 0.00166949
265 0.077495 0.00166898
266 0.0774938 0.00166845
267 0.0774926 0.00166793
268 0.0774913 0.0016674
269 0.0774901 0.00166686
270 0.0774888 0.00166632
271 0.0774875 0.00166578
272 0.0774862 0.00166524
273 0.077485 0.00166469
274 0.0774836 0.00166413
275 0.0774823 0.00166357
276 0.077481 0.00166301
277 0.0774797 0.00166245
278 0.0774783 0.00166188
279 0.077477 0.00166131
280 0.0774756 0.00166073
281 0.0774743 0.00166015
282 0.0774729 0.00165957
283 0.0774715 0.00165898
284 0.0774701 0.00165839
285 0.0774687 0.0016578
286 0.0774673 0.0016572
287 0.0774659 0.00165659
288 0.0774645 0.001656
289 0.077463 0.00165539
290 0.0774616 0.00165478
291 0.0774602 0.00165417
292 0.0774587 0.00165355
293 0.0774573 0.00165293
294 0.0774558 0.00165231
295 0.0774543 0.00165168
296 0.0774529 0.00165106
297 0.0774513 0.00165042
298 0.0774499 0.00164979
299 0.0774483 0.00164915
300 0.0774468 0.00164851
301 0.0774453 0.00164787
302 0.0774438 0.00164723
303 0.0774422 0.00164658
304 0.0774407 0.00164593
305 0.0774391 0.00164527
306 0.0774376 0.00164462
307 0.077436 0.00164396
308 0.0774344 0.0016433
309 0.0774329 0.00164264
310 0.0774313 0.00164197
311 0.0774297 0.0016413
312 0.0774281 0.00164063
313 0.0774265 0.00163996
314 0.0774249 0.00163929
315 0.0774232 0.00163861
316 0.0774216 0.00163793
317 0.07742 0.00163725
318 0.0774183 0.00163656
319 0.0774167 0.00163588
320 0.0774151 0.0016352
321 0.0774134 0.0016345
322 0.0774117 0.00163381
323 0.07741 0.00163312
324 0.0774084 0.00163242
325 0.0774067 0.00163173
326 0.077405 0.00163103
327 0.0774033 0.00163032
328 0.0774016 0.00162963
329 0.0773999 0.00162892
330 0.0773982 0.00162822
331 0.0773965 0.00162751
332 0.0773947 0.0016268
333 0.077393 0.00162609
334 0.0773913 0.00162538
335 0.0773895 0.00162466
336 0.0773878 0.00162395
337 0.077386 0.00162323
338 0.0773843 0.00162252
339 0.0773825 0.0016218
340 0.0773807 0.00162108
341 0.077379 0.00162036
342 0.0773772 0.00161964
343 0.0773754 0.00161891
344 0.0773736 0.00161819
345 0.0773718 0.00161746
346 0.07737 0.00161673
347 0.0773682 0.001616
348 0.0773664 0.00161527
349 0.0773646 0.00161454
350 0.0773628 0.00161381
351 0.077361 0.00161308
352 0.0773592 0.00161235
353 0.0773573 0.00161161
354 0.0773555 0.00161088
355 0.0773536 0.00161015
356 0.0773518 0.0016094
357 0.07735 0.00160868
358 0.0773481 0.00160793
359 0.0773462 0.0016072
360 0.0773444 0.00160646
361 0.0773425 0.00160572
362 0.0773406 0.00160498
363 0.0773387 0.00160424
364 0.0773369 0.0016035
365 0.077335 0.00160276
366 0.0773331 0.00160202
367 0.0773312 0.00160127
368 0.0773293 0.00160053
369 0.0773274 0.00159978
370 0.0773255 0.00159905
371 0.0773236 0.00159831
372 0.0773217 0.00159756
373 0.0773198 0.00159682
374 0.0773179 0.00159607
375 0.077316 0.00159533
376 0.0773141 0.00159459
377 0.0773121 0.00159384
378 0.0773102 0.0015931
379 0.0773083 0.00159236
380 0.0773063 0.00159161
381 0.0773044 0.00159087
382 0.0773024 0.00159012
383 0.0773005 0.00158938
384 0.0772986 0.00158864
385 0.0772966 0.00158789
386 0.0772947 0.00158715
387 0.0772927 0.0015864
388 0.0772908 0.00158567
389 0.0772888 0.00158492
390 0.0772868 0.00158418
391 0.0772849 0.00158344
392 0.0772829 0.0015827
393 0.0772809 0.00158195
394 0.0772789 0.00158122
395 0.077277 0.00158048
396 0.077275 0.00157973
397 0.077273 0.001579
398 0.077271 0.00157826
399 0.077269 0.00157752
400 0.077267 0.00157678
401 0.0772651 0.00157605
402 0.0772631 0.00157531
403 0.0772611 0.00157458
404 0.0772591 0.00157384
405 0.0772571 0.00157311
406 0.0772551 0.00157237
407 0.0772531 0.00157165
408 0.0772511 0.00157091
409 0.077249 0.00157018
410 0.0772471 0.00156946
411 0.077245 0.00156872
412 0.0772431 0.001568
413 0.077241 0.00156727
414 0.077239 0.00156654
415 0.077237 0.00156582
416 0.077235 0.00156509
417 0.077233 0.00156437
418 0.077231 0.00156365
419 0.077229 0.00156293
420 0.0772269 0.0015622
421 0.0772249 0.00156149
422 0.0772229 0.00156077
423 0.0772208 0.00156005
424 0.0772188 0.00155934
425 0.0772168 0.00155863
426 0.0772148 0.00155791
427 0.0772127 0.0015572
428 0.0772107 0.00155649
429 0.0772087 0.00155578
430 0.0772067 0.00155507
431 0.0772046 0.00155437
432 0.0772026 0.00155366
433 0.0772006 0.00155296
434 0.0771985 0.00155226
435 0.0771965 0.00155155
436 0.0771945 0.00155086
437 0.0771925 0.00155016
438 0.0771904 0.00154946
439 0.0771883 0.00154877
440 0.0771863 0.00154807
441 0.0771843 0.00154738
442 0.0771823 0.00154669
443 0.0771802 0.001546
444 0.0771782 0.00154532
445 0.0771761 0.00154463
446 0.0771741 0.00154395
447 0.0771721 0.00154327
448 0.07717 0.00154258
449 0.077168 0.00154191
450 0.077166 0.00154123
451 0.0771639 0.00154055
452 0.0771619 0.00153988
453 0.0771599 0.00153921
454 0.0771578 0.00153854
455 0.0771558 0.00153787
456 0.0771538 0.0015372
457 0.0771517 0.00153654
458 0.0771497 0.00153587
459 0.0771476 0.00153521
460 0.0771456 0.00153455
461 0.0771436 0.0015339
462 0.0771416 0.00153324
463 0.0771395 0.00153259
464 0.0771375 0.00153193
465 0.0771355 0.00153129
466 0.0771334 0.00153064
467 0.0771314 0.00153
468 0.0771294 0.00152935
469 0.0771273 0.00152871
470 0.0771253 0.00152807
471 0.0771233 0.00152744
472 0.0771213 0.00152679
473 0.0771192 0.00152616
474 0.0771172 0.00152553
475 0.0771152 0.0015249
476 0.0771132 0.00152428
477 0.0771112 0.00152365
478 0.0771092 0.00152303
479 0.0771071 0.00152241
480 0.0771051 0.00152179
481 0.0771031 0.00152118
482 0.0771011 0.00152055
483 0.0770991 0.00151995
484 0.0770971 0.00151934
485 0.0770951 0.00151873
486 0.0770931 0.00151812
487 0.0770911 0.00151752
488 0.077089 0.00151692
489 0.077087 0.00151632
490 0.077085 0.00151573
491 0.077083 0.00151513
492 0.077081 0.00151454
493 0.0770791 0.00151396
494 0.077077 0.00151336
495 0.0770751 0.00151278
496 0.0770731 0.00151219
497 0.0770711 0.00151162
498 0.0770691 0.00151104
499 0.0770671 0.00151046
500 0.0770652 0.0015099
501 0.0770632 0.00150932
502 0.0770612 0.00150875
503 0.0770592 0.00150819
504 0.0770572 0.00150763
505 0.0770552 0.00150706
506 0.0770533 0.0015065
507 0.0770513 0.00150595
508 0.0770494 0.0015054
509 0.0770474 0.00150484
510 0.0770454 0.0015043
511 0.0770435 0.00150375
512 0.0770415 0.00150321
513 0.0770395 0.00150266
514 0.0770376 0.00150213
515 0.0770357 0.00150159
516 0.0770337 0.00150106
517 0.0770318 0.00150053
518 0.0770298 0.0015
519 0.0770279 0.00149947
520 0.0770259 0.00149895
521 0.077024 0.00149843
522 0.0770221 0.00149791
523 0.0770201 0.00149739
524 0.0770182 0.00149688
525 0.0770163 0.00149637
526 0.0770144 0.00149586
527 0.0770125 0.00149536
528 0.0770105 0.00149485
529 0.0770086 0.00149436
530 0.0770067 0.00149385
531 0.0770048 0.00149336
532 0.0770029 0.00149287
533 0.077001 0.00149238
534 0.0769991 0.00149189
535 0.0769972 0.00149141
536 0.0769953 0.00149092
537 0.0769934 0.00149045
538 0.0769915 0.00148997
539 0.0769897 0.0014895
540 0.0769878 0.00148902
541 0.0769859 0.00148856
542 0.076984 0.00148809
543 0.0769821 0.00148763
544 0.0769803 0.00148717
545 0.0769784 0.00148671
546 0.0769766 0.00148625
547 0.0769747 0.0014858
548 0.0769729 0.00148535
549 0.076971 0.0014849
550 0.0769691 0.00148445
551 0.0769673 0.00148402
552 0.0769654 0.00148357
553 0.0769636 0.00148314
554 0.0769618 0.00148271
555 0.0769599 0.00148227
556 0.0769581 0.00148185
557 0.0769563 0.00148142
558 0.0769545 0.001481
559 0.0769526 0.00148057
560 0.0769508 0.00148016
561 0.076949 0.00147974
562 0.0769472 0.00147933
563 0.0769454 0.00147892
564 0.0769436 0.00147851
565 0.0769418 0.00147811
566 0.07694 0.0014777
567 0.0769382 0.00147731
568 0.0769364 0.00147691
569 0.0769347 0.00147652
570 0.0769329 0.00147612
571 0.0769311 0.00147574
572 0.0769293 0.00147535
573 0.0769276 0.00147497
574 0.0769258 0.00147458
575 0.0769241 0.00147421
576 0.0769223 0.00147384
577 0.0769205 0.00147346
578 0.0769188 0.00147309
579 0.0769171 0.00147272
580 0.0769153 0.00147237
581 0.0769136 0.001472
582 0.0769119 0.00147164
583 0.0769101 0.00147128
584 0.0769084 0.00147093
585 0.0769067 0.00147058
586 0.076905 0.00147024
587 0.0769032 0.00146989
588 0.0769016 0.00146955
589 0.0768998 0.0014692
590 0.0768982 0.00146887
591 0.0768964 0.00146853
592 0.0768947 0.0014682
593 0.0768931 0.00146787
594 0.0768914 0.00146755
595 0.0768897 0.00146722
596 0.076888 0.0014669
597 0.0768863 0.00146658
598 0.0768847 0.00146627
599 0.076883 0.00146595
600 0.0768814 0.00146564
601 0.0768797 0.00146533
602 0.0768781 0.00146502
603 0.0768764 0.00146472
604 0.0768748 0.00146442
605 0.0768732 0.00146413
606 0.0768715 0.00146383
607 0.0768699 0.00146354
608 0.0768683 0.00146325
609 0.0768666 0.00146296
610 0.076865 0.00146268
611 0.0768634 0.00146239
612 0.0768618 0.00146211
613 0.0768602 0.00146183
614 0.0768586 0.00146156
615 0.076857 0.00146129
616 0.0768554 0.00146102
617 0.0768538 0.00146075
618 0.0768523 0.00146049
619 0.0768507 0.00146023
620 0.0768491 0.00145997
621 0.0768476 0.00145971
622 0.076846 0.00145946
623 0.0768444 0.00145921
624 0.0768429 0.00145896
625 0.0768413 0.00145871
626 0.0768398 0.00145847
627 0.0768383 0.00145823
628 0.0768367 0.00145799
629 0.0768352 0.00145776
630 0.0768337 0.00145752
631 0.0768322 0.00145729
632 0.0768307 0.00145707
633 0.0768291 0.00145683
634 0.0768276 0.00145661
635 0.0768261 0.00145639
636 0.0768246 0.00145617
637 0.0768231 0.00145596
638 0.0768216 0.00145574
639 0.0768202 0.00145553
640 0.0768187 0.00145533
641 0.0768172 0.00145511
642 0.0768158 0.00145492
643 0.0768143 0.00145471
644 0.0768128 0.00145451
645 0.0768114 0.00145432
646 0.0768099 0.00145412
647 0.0768085 0.00145393
648 0.076807 0.00145374
649 0.0768056 0.00145356
650 0.0768041 0.00145336
651 0.0768028 0.00145319
652 0.0768013 0.00145301
653 0.0767999 0.00145283
654 0.0767985 0.00145265
655 0.0767971 0.00145248
656 0.0767957 0.00145231
657 0.0767943 0.00145214
658 0.0767929 0.00145198
659 0.0767915 0.00145181
660 0.0767901 0.00145165
661 0.0767888 0.0014515
662 0.0767874 0.00145133
