0 -70.7372 110.022 39.2845
1 -0.166385 0.27935 0.112965
2 -0.161141 0.268074 0.106933
3 -0.157825 0.260487 0.102662
4 -0.155141 0.254451 0.0993093
5 -0.152897 0.249509 0.0966123
6 -0.150957 0.245342 0.0943845
7 -0.149229 0.241723 0.092494
8 -0.147647 0.238496 0.0908486
9 -0.146169 0.235554 0.0893844
10 -0.144766 0.232822 0.0880565
11 -0.143417 0.230252 0.0868344
12 -0.14211 0.227806 0.0856961
13 -0.140836 0.225463 0.0846267
14 -0.139589 0.223204 0.0836151
15 -0.138365 0.221019 0.0826537
16 -0.137163 0.218899 0.0817367
17 -0.13598 0.216839 0.0808599
18 -0.134815 0.214835 0.0800198
19 -0.133669 0.212883 0.0792141
20 -0.13254 0.21098 0.0784404
21 -0.131429 0.209125 0.0776969
22 -0.130335 0.207317 0.0769822
23 -0.129258 0.205553 0.0762949
24 -0.128197 0.20383 0.0756333
25 -0.127155 0.202152 0.0749971
26 -0.12613 0.200515 0.0743851
27 -0.125122 0.198918 0.0737961
28 -0.124131 0.197361 0.0732294
29 -0.123157 0.195841 0.0726841
30 -0.1222 0.194359 0.0721593
31 -0.12126 0.192914 0.0716545
32 -0.120336 0.191504 0.0711688
33 -0.119428 0.190129 0.0707017
34 -0.118536 0.188788 0.0702523
35 -0.11766 0.187481 0.0698201
36 -0.1168 0.186205 0.0694046
37 -0.115956 0.184961 0.0690051
38 -0.115126 0.183747 0.0686209
39 -0.114312 0.182563 0.0682517
40 -0.113512 0.181409 0.067897
41 -0.112726 0.180282 0.0675561
42 -0.111955 0.179183 0.0672286
43 -0.111197 0.178111 0.0669141
44 -0.110453 0.177065 0.066612
45 -0.109722 0.176044 0.066322
46 -0.109005 0.175048 0.0660436
47 -0.1083 0.174076 0.0657765
48 -0.107607 0.173127 0.0655202
49 -0.106927 0.172201 0.0652744
50 -0.106258 0.171297 0.0650387
51 -0.105601 0.170414 0.0648128
52 -0.104956 0.169552 0.0645963
53 -0.104321 0.16871 0.0643889
54 -0.103698 0.167888 0.0641903
55 -0.103085 0.167085 0.0640002
56 -0.102482 0.166301 0.0638183
57 -0.10189 0.165534 0.0636443
58 -0.101308 0.164786 0.0634779
59 -0.100735 0.164054 0.063319
60 -0.100172 0.163339 0.0631671
61 -0.0996184 0.16264 0.063022
62 -0.0990739 0.161958 0.0628838
63 -0.0985382 0.16129 0.0627517
64 -0.0980113 0.160637 0.0626259
65 -0.0974929 0.159999 0.062506
66 -0.096983 0.159375 0.0623919
67 -0.0964814 0.158765 0.0622833
68 -0.0959877 0.158168 0.0621799
69 -0.0955021 0.157584 0.0620818
70 -0.0950241 0.157013 0.0619885
71 -0.094554 0.156454 0.0619
72 -0.0940912 0.155907 0.061816
73 -0.0936357 0.155372 0.0617363
74 -0.0931875 0.154848 0.0616609
75 -0.0927465 0.154336 0.0615895
76 -0.0923124 0.153834 0.061522
77 -0.0918852 0.153343 0.0614582
78 -0.0914647 0.152863 0.0613979
79 -0.091051 0.152392 0.061341
80 -0.0906437 0.151931 0.0612874
81 -0.0902428 0.15148 0.0612369
82 -0.0898484 0.151038 0.0611894
83 -0.0894601 0.150605 0.0611447
84 -0.089078 0.150181 0.0611027
85 -0.0887019 0.149765 0.0610633
86 -0.0883318 0.149358 0.0610264
87 -0.0879676 0.148959 0.0609918
88 -0.0876089 0.148568 0.0609594
89 -0.0872564 0.148186 0.0609293
90 -0.0869091 0.14781 0.0609011
91 -0.0865676 0.147443 0.0608749
92 -0.0862314 0.147082 0.0608504
93 -0.0859007 0.146728 0.0608278
94 -0.0855752 0.146382 0.0608068
95 -0.0852549 0.146042 0.0607873
96 -0.0849398 0.145709 0.0607694
97 -0.0846299 0.145383 0.0607529
98 -0.0843248 0.145062 0.0607376
99 -0.0840248 0.144749 0.0607237
100 -0.0837295 0.14444 0.060711
101 -0.083439 0.144138 0.0606994
102 -0.0831534 0.143842 0.0606889
103 -0.0828723 0.143552 0.0606794
104 -0.0825959 0.143267 0.060671
105 -0.082324 0.142987 0.0606634
106 -0.0820565 0.142713 0.0606567
107 -0.0817934 0.142444 0.0606508
108 -0.0815346 0.14218 0.0606456
109 -0.0812803 0.141922 0.0606414
110 -0.0810299 0.141668 0.0606376
111 -0.0807838 0.141418 0.0606346
112 -0.0805419 0.141174 0.0606323
113 -0.0803039 0.140934 0.0606305
114 -0.0800698 0.140699 0.0606293
115 -0.0798397 0.140468 0.0606286
116 -0.0796135 0.140242 0.0606285
117 -0.079391 0.14002 0.0606288
118 -0.0791724 0.139802 0.0606296
119 -0.0789573 0.139588 0.0606308
120 -0.0787459 0.139378 0.0606325
121 -0.0785382 0.139173 0.0606345
122 -0.0783338 0.138971 0.0606369
123 -0.078133 0.138773 0.0606397
124 -0.0779357 0.138579 0.0606429
125 -0.0777415 0.138388 0.0606462
126 -0.0775509 0.138201 0.06065
127 -0.0773634 0.138017 0.060654
128 -0.0771792 0.137838 0.0606583
129 -0.0769983 0.137661 0.060663
130 -0.0768203 0.137488 0.0606678
131 -0.0766453 0.137318 0.0606728
132 -0.0764736 0.137152 0.0606782
133 -0.0763047 0.136988 0.0606837
134 -0.0761389 0.136828 0.0606895
135 -0.0759758 0.136671 0.0606954
136 -0.0758156 0.136517 0.0607015
137 -0.0756583 0.136366 0.0607078
138 -0.0755037 0.136218 0.0607143
139 -0.0753518 0.136073 0.0607209
140 -0.0752027 0.13593 0.0607277
141 -0.0750561 0.135791 0.0607346
142 -0.0749121 0.135654 0.0607417
143 -0.0747707 0.13552 0.0607489
144 -0.0746317 0.135388 0.0607561
145 -0.0744954 0.135259 0.0607636
146 -0.0743614 0.135132 0.0607711
147 -0.0742297 0.135008 0.0607786
148 -0.0741004 0.134887 0.0607863
149 -0.0739736 0.134768 0.0607941
150 -0.0738489 0.134651 0.0608019
151 -0.0737266 0.134536 0.0608098
152 -0.0736064 0.134424 0.0608177
153 -0.0734882 0.134314 0.0608256
154 -0.0733725 0.134206 0.0608337
155 -0.0732587 0.1341 0.0608417
156 -0.0731471 0.133997 0.0608498
157 -0.0730374 0.133895 0.0608579
158 -0.0729298 0.133796 0.060866
159 -0.0728242 0.133698 0.0608741
160 -0.0727203 0.133602 0.0608822
161 -0.0726186 0.133509 0.0608903
162 -0.0725188 0.133417 0.0608984
163 -0.0724205 0.133327 0.0609064
164 -0.0723245 0.133239 0.0609145
165 -0.0722299 0.133152 0.0609224
166 -0.0721371 0.133067 0.0609303
167 -0.0720462 0.132984 0.0609383
168 -0.0719568 0.132903 0.060946
169 -0.0718694 0.132823 0.0609539
170 -0.0717833 0.132745 0.0609615
171 -0.0716991 0.132668 0.0609692
172 -0.0716162 0.132593 0.0609767
173 -0.0715351 0.132519 0.0609842
174 -0.0714553 0.132447 0.0609915
175 -0.0713772 0.132376 0.0609988
176 -0.0713005 0.132306 0.0610059
177 -0.0712253 0.132238 0.061013
