0 -37.9017 28.1426 -9.75904
1 -0.181381 0.161451 -0.01993
2 -0.177592 0.158443 -0.0191494
3 -0.171515 0.153734 -0.0177809
4 -0.164767 0.148675 -0.0160919
5 -0.158029 0.143812 -0.0142171
6 -0.151567 0.139324 -0.0122427
7 -0.14546 0.135241 -0.0102195
8 -0.139702 0.131525 -0.00817633
9 -0.134253 0.128117 -0.00613627
10 -0.12907 0.124944 -0.00412608
11 -0.124103 0.121929 -0.00217407
12 -0.119294 0.118995 -0.000299215
13 -0.114574 0.116076 0.00150197
14 -0.109858 0.113121 0.00326369
15 -0.105051 0.110102 0.00505054
16 -0.100062 0.107009 0.0069471
17 -0.0948177 0.103859 0.00904119
18 -0.0892816 0.100687 0.0114053
19 -0.0834667 0.0975464 0.0140797
20 -0.0774306 0.0944927 0.0170621
21 -0.0772707 0.0944119 0.0171413
22 -0.0771231 0.0943406 0.0172176
23 -0.0769647 0.0942613 0.0172967
0 -37.9017 28.1426 -9.75904
1 -0.181381 0.161451 -0.01993
2 -0.177592 0.158443 -0.0191494
3 -0.171515 0.153734 -0.0177809
4 -0.164767 0.148675 -0.0160919
5 -0.158029 0.143812 -0.0142171
6 -0.151567 0.139324 -0.0122427
7 -0.14546 0.135241 -0.0102195
8 -0.139702 0.131525 -0.00817633
9 -0.134253 0.128117 -0.00613627
10 -0.12907 0.124944 -0.00412608
11 -0.124103 0.121929 -0.00217407
12 -0.119294 0.118995 -0.000299215
13 -0.114574 0.116076 0.00150197
14 -0.109858 0.113121 0.00326369
15 -0.105051 0.110102 0.00505054
16 -0.100062 0.107009 0.0069471
17 -0.0948177 0.103859 0.00904119
18 -0.0892816 0.100687 0.0114053
19 -0.0834667 0.0975464 0.0140797
20 -0.0774306 0.0944927 0.0170621
21 -0.0712647 0.0915686 0.0203039
22 -0.0650785 0.088795 0.0237165
23 -0.0589894 0.0861737 0.0271844
24 -0.053115 0.0836968 0.0305818
25 -0.0475641 0.0813549 0.0337908
26 -0.0424299 0.0791432 0.0367133
27 -0.037781 0.0770608 0.0392798
28 -0.0336585 0.075109 0.0414505
29 -0.0300754 0.0732898 0.0432143
30 -0.0270203 0.0716049 0.0445846
31 -0.0256232 0.0707982 0.045175
32 -0.0243478 0.070024 0.0456763
33 -0.0231891 0.0692845 0.0460954
34 -0.0221413 0.0685799 0.0464386
