0 -27.3404 -0 -27.3404
1 -0.146145 -0 -0.146145
2 -0.13755 -0 -0.13755
3 -0.130259 -0 -0.130259
4 -0.123789 -0 -0.123789
5 -0.118035 -0 -0.118035
6 -0.112903 -0 -0.112903
7 -0.10831 -0 -0.10831
8 -0.104187 -0 -0.104187
9 -0.100471 -0 -0.100471
10 -0.097111 -0 -0.097111
11 -0.0940615 -0 -0.0940615
12 -0.0912841 -0 -0.0912841
0 -5.56636 -0 -5.56636
1 -0.10638 -0 -0.10638
2 -0.091406 -0 -0.091406
3 -0.0811648 -0 -0.0811648
4 -0.0738228 -0 -0.0738228
5 -0.0683334 -0 -0.0683334
6 -0.0640771 -0 -0.0640771
7 -0.0606748 -0 -0.0606748
8 -0.0578861 -0 -0.0578861
9 -0.0555541 -0 -0.0555541
10 -0.0535728 -0 -0.0535728
11 -0.0535239 -0 -0.0535239
12 -0.0534736 -0 -0.0534736
13 -0.0534258 -0 -0.0534258
14 -0.0533777 -0 -0.0533777
15 -0.0533283 -0 -0.0533283
16 -0.0532805 -0 -0.0532805
17 -0.0532326 -0 -0.0532326
18 -0.0531846 -0 -0.0531846
19 -0.0531366 -0 -0.0531366
20 -0.0530894 -0 -0.0530894
21 -0.0530431 -0 -0.0530431
22 -0.0529948 -0 -0.0529948
23 -0.0529488 -0 -0.0529488
24 -0.0529016 -0 -0.0529016
25 -0.052856 -0 -0.052856
26 -0.0528099 -0 -0.0528099
27 -0.0527636 -0 -0.0527636
28 -0.0527174 -0 -0.0527174
29 -0.0526718 -0 -0.0526718
30 -0.0526269 -0 -0.0526269
31 -0.0525814 -0 -0.0525814
32 -0.0525362 -0 -0.0525362
33 -0.0524918 -0 -0.0524918
34 -0.0524466 -0 -0.0524466
35 -0.0524024 -0 -0.0524024
36 -0.0523579 -0 -0.0523579
37 -0.0523132 -0 -0.0523132
