0 -0.41204 0.0018906
1 0.00428586 0.00011558
2 -0.00151798 0.000203383
3 -0.00525191 0.000153156
4 -0.00752496 5.16431e-05
5 -0.00885139 -5.99081e-05
6 -0.00961663 -0.000164015
7 -0.0100495 -0.00025476
8 -0.0102973 -0.00033248
9 -0.0104576 -0.000400009
10 -0.0105585 -0.000461707
11 -0.0106458 -0.00052098
12 -0.0107349 -0.000580486
13 -0.0108342 -0.000641739
14 -0.010947 -0.000705089
15 -0.0110732 -0.000769881
16 -0.0112106 -0.000834739
17 -0.0113554 -0.000897931
18 -0.011503 -0.000957732
19 -0.0116484 -0.0010127
20 -0.0117869 -0.00106187
21 -0.0119143 -0.0011048
22 -0.0120272 -0.00114156
23 -0.012123 -0.00117267
24 -0.0121998 -0.00119891
25 -0.0122565 -0.00122125
26 -0.0122926 -0.00124068
27 -0.0123083 -0.00125812
28 -0.0123041 -0.00127434
29 -0.0122812 -0.00128991
30 -0.0122412 -0.00130518
31 -0.0121859 -0.00132032
32 -0.0121173 -0.00133534
33 -0.0120379 -0.00135011
34 -0.0119498 -0.00136442
35 -0.0118554 -0.00137803
36 -0.011757 -0.00139071
37 -0.0116565 -0.00140225
38 -0.0115558 -0.00141247
39 -0.0114565 -0.00142127
40 -0.0113599 -0.00142859
41 -0.0112669 -0.00143443
42 -0.0111782 -0.00143886
43 -0.0110944 -0.00144195
44 -0.0110156 -0.00144382
45 -0.0109421 -0.0014446
46 -0.0108735 -0.00144442
47 -0.0108099 -0.00144342
48 -0.0107508 -0.00144172
49 -0.0106959 -0.00143945
50 -0.0106449 -0.0014367
51 -0.0106209 -0.00143516
52 -0.0105971 -0.00143357
53 -0.0105741 -0.00143191
54 -0.0105518 -0.0014302
55 -0.0105303 -0.00142843
56 -0.0105095 -0.00142661
57 -0.0104893 -0.00142475
58 -0.0104696 -0.00142284
59 -0.0104505 -0.0014209
60 -0.0104319 -0.00141893
61 -0.0104138 -0.00141694
62 -0.0103961 -0.00141492
63 -0.0103788 -0.00141289
64 -0.0103618 -0.00141085
65 -0.0103452 -0.0014088
66 -0.0103289 -0.00140675
67 -0.0103128 -0.0014047
68 -0.010297 -0.00140265
69 -0.0102814 -0.00140061
70 -0.010266 -0.00139858
71 -0.0102508 -0.00139656
72 -0.0102358 -0.00139455
73 -0.010221 -0.00139255
74 -0.0102063 -0.00139056
75 -0.0101917 -0.00138859
76 -0.0101773 -0.00138664
77 -0.010163 -0.0013847
78 -0.0101488 -0.00138277
79 -0.0101348 -0.00138087
80 -0.0101208 -0.00137898
81 -0.010107 -0.00137711
82 -0.0100933 -0.00137526
83 -0.0100797 -0.00137344
84 -0.0100662 -0.00137163
85 -0.0100529 -0.00136985
86 -0.0100396 -0.00136809
87 -0.0100265 -0.00136636
88 -0.0100136 -0.00136465
89 -0.0100008 -0.00136297
90 -0.00998807 -0.00136132
91 -0.00997555 -0.0013597
92 -0.00996317 -0.00135811
93 -0.00995097 -0.00135656
94 -0.00993894 -0.00135504
95 -0.00992709 -0.00135355
96 -0.00991543 -0.00135211
97 -0.00990396 -0.0013507
98 -0.0098927 -0.00134934
99 -0.00988164 -0.00134802
100 -0.0098708 -0.00134675
101 -0.00986018 -0.00134552
102 -0.00984978 -0.00134434
103 -0.00983962 -0.0013432
104 -0.00982971 -0.00134212
105 -0.00982004 -0.00134109
106 -0.00981062 -0.00134012
107 -0.00980145 -0.0013392
108 -0.00979255 -0.00133833
109 -0.00978391 -0.00133752
110 -0.00977553 -0.00133676
111 -0.00976743 -0.00133606
112 -0.0097596 -0.00133542
113 -0.00975205 -0.00133484
114 -0.00974477 -0.00133431
115 -0.00973778 -0.00133384
116 -0.00973106 -0.00133343
117 -0.00972463 -0.00133307
118 -0.00971847 -0.00133277
119 -0.0097126 -0.00133253
120 -0.009707 -0.00133234
121 -0.00970169 -0.0013322
122 -0.00969664 -0.00133212
123 -0.00969188 -0.00133209
124 -0.00968739 -0.00133211
125 -0.00968316 -0.00133217
126 -0.0096792 -0.00133229
127 -0.00967551 -0.00133245
128 -0.00967208 -0.00133265
129 -0.0096689 -0.0013329
130 -0.00966597 -0.00133319
131 -0.00966329 -0.00133351
132 -0.00966085 -0.00133388
133 -0.00965865 -0.00133427
134 -0.00965668 -0.00133471
135 -0.00965494 -0.00133517
136 -0.00965342 -0.00133567
137 -0.00965211 -0.00133619
138 -0.00965101 -0.00133674
139 -0.00965012 -0.00133731
140 -0.00964942 -0.00133791
141 -0.00964891 -0.00133852
142 -0.00964859 -0.00133916
143 -0.00964844 -0.00133981
144 -0.00964847 -0.00134048
145 -0.00964865 -0.00134116
146 -0.009649 -0.00134185
147 -0.0096495 -0.00134255
148 -0.00965014 -0.00134327
149 -0.00965092 -0.00134399
150 -0.00965183 -0.00134471
151 -0.00965287 -0.00134545
152 -0.00965403 -0.00134618
153 -0.00965529 -0.00134692
154 -0.00965667 -0.00134766
155 -0.00965813 -0.00134839
156 -0.0096597 -0.00134913
157 -0.00966135 -0.00134986
158 -0.00966308 -0.00135059
159 -0.00966488 -0.00135131
160 -0.00966675 -0.00135203
161 -0.00966868 -0.00135274
162 -0.00967067 -0.00135345
163 -0.00967272 -0.00135414
164 -0.0096748 -0.00135483
165 -0.00967693 -0.00135551
166 -0.00967909 -0.00135618
167 -0.00968128 -0.00135684
168 -0.0096835 -0.00135748
169 -0.00968574 -0.00135812
170 -0.00968799 -0.00135874
171 -0.00969025 -0.00135935
172 -0.00969252 -0.00135995
173 -0.00969479 -0.00136053
174 -0.00969706 -0.0013611
175 -0.00969933 -0.00136166
176 -0.00970158 -0.0013622
177 -0.00970383 -0.00136273
178 -0.00970605 -0.00136325
179 -0.00970826 -0.00136375
180 -0.00971044 -0.00136424
181 -0.0097126 -0.00136471
182 -0.00971473 -0.00136517
183 -0.00971682 -0.00136561
184 -0.00971888 -0.00136605
185 -0.00972091 -0.00136647
186 -0.0097229 -0.00136687
0 0.460789 -0.000985269
1 0.0364164 0.000547939
2 0.0356295 0.000264236
3 0.0344481 0.000292401
4 0.0331174 0.000486796
5 0.0318339 0.000735984
6 0.0307256 0.000974984
7 0.0298372 0.00116672
8 0.0291496 0.00128828
9 0.0286061 0.00132413
10 0.0281329 0.0012602
11 0.0276545 0.00107756
12 0.0270725 0.000742122
13 0.0262124 0.0001802
14 0.0245322 -0.000816711
0 0.530319 0.000867486
1 0.088819 0.0018765
2 0.0776655 0.0013253
