0 -0.428156 0.00184892
1 -0.0221801 -0.000427629
2 -0.0237213 -0.000513068
3 -0.0246341 -0.000650792
4 -0.0252186 -0.000850352
5 -0.0256286 -0.00108382
6 -0.0259159 -0.00133271
7 -0.0260915 -0.00158313
8 -0.0261558 -0.00181681
9 -0.0261155 -0.00201787
10 -0.0259852 -0.00217381
11 -0.0257854 -0.00227772
12 -0.0255396 -0.00232902
13 -0.0252715 -0.00233312
14 -0.0250034 -0.00230002
15 -0.0247539 -0.00224245
16 -0.0245374 -0.00217389
17 -0.0243637 -0.00210686
18 -0.0242377 -0.00205168
19 -0.0241602 -0.0020158
20 -0.0241285 -0.00200365
21 -0.024135 -0.00201476
22 -0.0241755 -0.00205246
23 -0.0242384 -0.00211153
24 -0.0243141 -0.00218747
25 -0.0243931 -0.00227511
26 -0.024467 -0.00236916
27 -0.0245291 -0.00246482
28 -0.0245748 -0.00255815
29 -0.0246017 -0.00264636
30 -0.0246092 -0.00272786
31 -0.0245986 -0.00280211
32 -0.0245725 -0.00286939
33 -0.0245341 -0.00293054
34 -0.0244873 -0.00298663
35 -0.0244355 -0.00303876
36 -0.0243823 -0.00308789
37 -0.0243302 -0.00313476
38 -0.0242814 -0.00318018
39 -0.0242373 -0.00322388
40 -0.0241987 -0.00326608
41 -0.0241658 -0.00330688
42 -0.0241387 -0.00334626
43 -0.0241168 -0.0033842
44 -0.0240996 -0.00342072
45 -0.0240865 -0.00345584
46 -0.024077 -0.0034895
47 -0.0240702 -0.00352212
48 -0.0240657 -0.00355369
49 -0.0240628 -0.0035842
50 -0.0240611 -0.00361363
51 -0.0240606 -0.00362784
52 -0.0240602 -0.00364199
53 -0.0240599 -0.00365578
54 -0.0240597 -0.00366921
55 -0.0240596 -0.00368228
56 -0.0240596 -0.00369496
57 -0.0240595 -0.00370721
58 -0.0240595 -0.00371901
59 -0.0240594 -0.00373031
60 -0.0240593 -0.00374108
61 -0.0240591 -0.00375129
62 -0.0240589 -0.00376089
63 -0.0240586 -0.00376985
64 -0.0240582 -0.00377814
65 -0.0240577 -0.00378573
66 -0.0240571 -0.0037926
67 -0.0240565 -0.00379871
68 -0.0240558 -0.00380405
69 -0.0240551 -0.00380861
70 -0.0240543 -0.00381236
71 -0.0240536 -0.00381532
72 -0.0240528 -0.00381746
73 -0.024052 -0.0038188
74 -0.0240513 -0.00381934
75 -0.0240506 -0.0038191
76 -0.02405 -0.00381807
77 -0.0240495 -0.0038163
78 -0.0240491 -0.00381378
79 -0.0240487 -0.00381055
80 -0.0240485 -0.00380664
81 -0.0240484 -0.00380207
82 -0.0240484 -0.00379687
83 -0.0240486 -0.00379107
84 -0.0240489 -0.0037847
85 -0.0240475 -0.00377608
86 -0.0240482 -0.00376859
87 -0.024049 -0.00376069
88 -0.0240498 -0.00375242
89 -0.0240507 -0.00374379
90 -0.0240517 -0.00373482
91 -0.0240528 -0.00372553
92 -0.0240539 -0.00371595
93 -0.0240551 -0.00370609
94 -0.0240562 -0.00369601
95 -0.0240574 -0.00368574
96 -0.0240585 -0.00367531
97 -0.0240596 -0.00366476
98 -0.0240606 -0.00365414
99 -0.0240616 -0.00364346
100 -0.0240625 -0.00363278
101 -0.0240633 -0.00362212
102 -0.024064 -0.0036115
103 -0.0240645 -0.00360097
104 -0.0240649 -0.00359055
105 -0.0240651 -0.00358027
106 -0.0240652 -0.00357014
107 -0.024065 -0.0035602
108 -0.0240647 -0.00355046
109 -0.0240642 -0.00354094
110 -0.0240635 -0.00353166
111 -0.0240626 -0.00352264
112 -0.0240615 -0.00351388
113 -0.0240602 -0.00350541
114 -0.0240587 -0.00349722
115 -0.024057 -0.00348932
116 -0.0240551 -0.00348172
117 -0.024053 -0.00347443
118 -0.0240507 -0.00346744
119 -0.0240483 -0.00346075
120 -0.0240456 -0.00345435
121 -0.0240428 -0.00344826
122 -0.0240399 -0.00344245
123 -0.0240368 -0.00343693
124 -0.0240335 -0.00343168
125 -0.0240302 -0.0034267
126 -0.0240267 -0.00342197
127 -0.0240231 -0.00341749
128 -0.0240194 -0.00341325
129 -0.0240156 -0.00340923
130 -0.0240117 -0.00340543
131 -0.0240078 -0.00340182
132 -0.0240038 -0.00339841
133 -0.0239998 -0.00339517
134 -0.0239957 -0.0033921
135 -0.0239916 -0.00338917
136 -0.0239874 -0.00338639
137 -0.0239832 -0.00338374
138 -0.023979 -0.00338121
139 -0.0239749 -0.00337878
140 -0.0239707 -0.00337646
141 -0.0239665 -0.00337422
142 -0.0239623 -0.00337206
143 -0.0239581 -0.00336997
144 -0.023954 -0.00336794
145 -0.0239499 -0.00336596
146 -0.0239458 -0.00336403
147 -0.0239418 -0.00336214
148 -0.0239378 -0.00336028
149 -0.0239339 -0.00335844
150 -0.02393 -0.00335663
151 -0.0239262 -0.00335483
152 -0.0239224 -0.00335304
153 -0.0239187 -0.00335126
154 -0.0239151 -0.00334948
155 -0.0239116 -0.0033477
156 -0.0239081 -0.00334592
157 -0.0239047 -0.00334413
158 -0.0239014 -0.00334232
159 -0.0238982 -0.0033405
160 -0.023895 -0.00333867
161 -0.023892 -0.00333682
162 -0.023889 -0.00333496
163 -0.0238862 -0.00333307
164 -0.0238834 -0.00333116
165 -0.0238807 -0.00332924
166 -0.0238782 -0.00332729
167 -0.0238757 -0.00332531
168 -0.0238733 -0.00332332
169 -0.0238711 -0.0033213
170 -0.0238689 -0.00331927
171 -0.0238669 -0.00331721
172 -0.0238649 -0.00331513
173 -0.023863 -0.00331303
174 -0.0238613 -0.00331092
175 -0.0238596 -0.00330879
176 -0.023858 -0.00330665
177 -0.0238566 -0.0033045
178 -0.0238552 -0.00330234
179 -0.0238539 -0.00330017
180 -0.0238527 -0.00329801
181 -0.0238516 -0.00329584
182 -0.0238505 -0.00329367
183 -0.0238496 -0.00329151
184 -0.0238487 -0.00328936
185 -0.0238479 -0.00328723
186 -0.0238471 -0.00328511
187 -0.0238464 -0.00328302
188 -0.0238458 -0.00328095
189 -0.0238453 -0.00327891
190 -0.0238448 -0.00327691
191 -0.0238443 -0.00327494
192 -0.0238439 -0.00327301
193 -0.0238435 -0.00327114
194 -0.0238432 -0.00326931
195 -0.0238429 -0.00326753
196 -0.0238426 -0.00326582
197 -0.0238424 -0.00326416
198 -0.0238422 -0.00326257
199 -0.0238419 -0.00326105
200 -0.0238417 -0.0032596
201 -0.0238416 -0.00325822
202 -0.0238414 -0.00325692
203 -0.0238412 -0.0032557
204 -0.023841 -0.00325456
205 -0.0238408 -0.00325351
206 -0.0238406 -0.00325253
207 -0.0238404 -0.00325164
208 -0.0238402 -0.00325084
209 -0.02384 -0.00325013
210 -0.0238397 -0.0032495
211 -0.0238395 -0.00324896
212 -0.0238392 -0.0032485
213 -0.0238388 -0.00324813
214 -0.0238385 -0.00324785
215 -0.0238381 -0.00324765
216 -0.0238377 -0.00324753
217 -0.0238373 -0.00324749
218 -0.0238368 -0.00324752
219 -0.0238363 -0.00324763
220 -0.0238358 -0.00324782
221 -0.0238352 -0.00324807
222 -0.0238346 -0.00324839
223 -0.023834 -0.00324878
224 -0.0238333 -0.00324922
225 -0.0238326 -0.00324972
226 -0.0238319 -0.00325028
227 -0.0238312 -0.00325089
228 -0.0238304 -0.00325154
229 -0.0238296 -0.00325223
230 -0.0238287 -0.00325296
231 -0.0238279 -0.00325373
232 -0.023827 -0.00325453
233 -0.0238261 -0.00325536
234 -0.0238251 -0.00325621
235 -0.0238242 -0.00325708
236 -0.0238232 -0.00325797
237 -0.0238222 -0.00325888
238 -0.0238212 -0.00325979
239 -0.0238202 -0.00326071
240 -0.0238192 -0.00326163
241 -0.0238181 -0.00326256
242 -0.0238171 -0.00326348
243 -0.023816 -0.0032644
244 -0.0238149 -0.00326531
245 -0.0238139 -0.00326621
246 -0.0238128 -0.0032671
247 -0.0238117 -0.00326798
248 -0.0238107 -0.00326884
249 -0.0238096 -0.00326969
250 -0.0238085 -0.00327052
251 -0.0238075 -0.00327132
252 -0.0238064 -0.00327211
253 -0.0238054 -0.00327287
254 -0.0238043 -0.00327361
255 -0.0238033 -0.00327433
256 -0.0238023 -0.00327503
257 -0.0238013 -0.0032757
258 -0.0238003 -0.00327634
259 -0.0237994 -0.00327697
260 -0.0237984 -0.00327756
261 -0.0237975 -0.00327814
262 -0.0237966 -0.00327869
263 -0.0237956 -0.00327921
264 -0.0237948 -0.00327972
265 -0.0237939 -0.0032802
266 -0.023793 -0.00328066
267 -0.0237922 -0.00328111
268 -0.0237914 -0.00328153
269 -0.0237906 -0.00328194
270 -0.0237898 -0.00328232
271 -0.0237891 -0.0032827
272 -0.0237883 -0.00328306
273 -0.0237876 -0.0032834
274 -0.0237869 -0.00328373
275 -0.0237862 -0.00328406
276 -0.0237855 -0.00328437
277 -0.0237849 -0.00328467
278 -0.0237843 -0.00328497
279 -0.0237836 -0.00328527
280 -0.023783 -0.00328556
281 -0.0237825 -0.00328584
282 -0.0237819 -0.00328613
283 -0.0237813 -0.00328641
284 -0.0237808 -0.0032867
285 -0.0237802 -0.00328699
286 -0.0237797 -0.00328728
287 -0.0237792 -0.00328757
288 -0.0237787 -0.00328787
289 -0.0237782 -0.00328818
290 -0.0237777 -0.00328849
291 -0.0237773 -0.00328881
292 -0.0237768 -0.00328914
293 -0.0237764 -0.00328948
294 -0.0237759 -0.00328983
295 -0.0237755 -0.00329018
296 -0.0237751 -0.00329055
297 -0.0237747 -0.00329093
298 -0.0237743 -0.00329131
299 -0.0237739 -0.00329171
300 -0.0237735 -0.00329212
301 -0.0237731 -0.00329254
302 -0.0237727 -0.00329297
303 -0.0237723 -0.00329341
304 -0.0237719 -0.00329386
305 -0.0237716 -0.00329432
306 -0.0237712 -0.00329479
307 -0.0237709 -0.00329526
308 -0.0237705 -0.00329575
309 -0.0237702 -0.00329624
310 -0.0237699 -0.00329674
311 -0.0237695 -0.00329725
312 -0.0237692 -0.00329776
313 -0.0237689 -0.00329828
314 -0.0237686 -0.0032988
315 -0.0237683 -0.00329932
316 -0.0237681 -0.00329984
317 -0.0237678 -0.00330037
318 -0.0237675 -0.0033009
319 -0.0237673 -0.00330143
320 -0.0237671 -0.00330195
321 -0.0237668 -0.00330247
322 -0.0237666 -0.00330299
323 -0.0237664 -0.00330351
324 -0.0237663 -0.00330402
325 -0.0237661 -0.00330452
326 -0.0237659 -0.00330502
327 -0.0237658 -0.00330551
328 -0.0237657 -0.003306
329 -0.0237656 -0.00330647
330 -0.0237655 -0.00330694
331 -0.0237655 -0.00330739
332 -0.0237654 -0.00330783
333 -0.0237654 -0.00330827
334 -0.0237654 -0.00330869
335 -0.0237654 -0.0033091
336 -0.0237654 -0.00330949
337 -0.0237655 -0.00330988
338 -0.0237656 -0.00331025
339 -0.0237657 -0.00331061
340 -0.0237658 -0.00331095
341 -0.023766 -0.00331128
342 -0.0237662 -0.0033116
14 -0.0144303 -0.00304349
