0 -37.8585 28.1067 -9.75175
1 -0.142272 0.128853 -0.013419
2 -0.142574 0.129105 -0.0134692
3 -0.1403 0.127317 -0.0129822
4 -0.136871 0.124794 -0.0120774
5 -0.132967 0.122092 -0.0108747
6 -0.128906 0.119412 -0.00949454
7 -0.124821 0.116811 -0.00801001
8 -0.120748 0.114297 -0.00645123
9 -0.116694 0.111861 -0.00483356
10 -0.112665 0.109484 -0.00318127
11 -0.108667 0.107133 -0.00153407
12 -0.104695 0.104758 6.25202e-05
13 -0.100726 0.102303 0.00157649
14 -0.096712 0.0997223 0.00301033
15 -0.0925504 0.0969642 0.00441377
16 -0.0881139 0.0940072 0.00589331
17 -0.0832576 0.0908525 0.00759486
18 -0.0778751 0.0875532 0.00967818
19 -0.0719455 0.0842243 0.0122787
20 -0.0655396 0.081008 0.0154684
21 -0.0587834 0.0780107 0.0192274
22 -0.0518185 0.0752581 0.0234395
23 -0.0447864 0.0726965 0.0279101
24 -0.0378703 0.0702861 0.0324159
25 -0.031244 0.0679782 0.0367342
26 -0.0250874 0.0657681 0.0406807
0 -37.8585 28.1067 -9.75175
1 -0.142272 0.128853 -0.013419
2 -0.142574 0.129105 -0.0134692
3 -0.1403 0.127317 -0.0129822
4 -0.136871 0.124794 -0.0120774
5 -0.132967 0.122092 -0.0108747
6 -0.128906 0.119412 -0.00949454
7 -0.124821 0.116811 -0.00801001
8 -0.120748 0.114297 -0.00645123
9 -0.116694 0.111861 -0.00483356
10 -0.112665 0.109484 -0.00318127
11 -0.108667 0.107133 -0.00153407
12 -0.104695 0.104758 6.25202e-05
13 -0.100726 0.102303 0.00157649
14 -0.096712 0.0997223 0.00301033
15 -0.0925504 0.0969642 0.00441377
16 -0.0881139 0.0940072 0.00589331
17 -0.0832576 0.0908525 0.00759486
18 -0.0778751 0.0875532 0.00967818
19 -0.0719455 0.0842243 0.0122787
20 -0.0655396 0.081008 0.0154684
21 -0.0587834 0.0780107 0.0192274
22 -0.0518185 0.0752581 0.0234395
23 -0.0447864 0.0726965 0.0279101
24 -0.0378703 0.0702861 0.0324159
25 -0.031244 0.0679782 0.0367342
26 -0.0250874 0.0657681 0.0406807
27 -0.0195443 0.0636691 0.0441248
28 -0.0147036 0.0616928 0.0469892
29 -0.010599 0.0598399 0.0492409
30 -0.00722217 0.0581027 0.0508805
31 -0.00453712 0.056475 0.0519379
32 -0.00248998 0.0549599 0.0524699
33 -0.00101451 0.0535726 0.0525581
34 -3.47154e-05 0.0523362 0.0523015
35 0.00053466 0.0512724 0.0518071
36 0.000788683 0.0503928 0.0511815
37 0.000831777 0.0496945 0.0505263
38 0.000772767 0.0491629 0.0499357
39 0.000721014 0.0487753 0.0494963
40 0.000789075 0.0485017 0.0492907
41 0.00109718 0.0483053 0.0494025
42 0.00176876 0.0481476 0.0499164
43 0.00290712 0.0479985 0.0509056
44 0.00456456 0.0478426 0.0524072
45 0.00672466 0.047676 0.0544006
46 0.00930981 0.0474945 0.0568043
47 0.0122026 0.047283 0.0594856
48 0.0152615 0.0470142 0.0622757
49 0.0183337 0.0466551 0.0649887
50 0.0212719 0.046179 0.0674509
51 0.0226862 0.0459081 0.0685943
52 0.0240393 0.0456048 0.0696441
53 0.0253165 0.0452724 0.0705889
54 0.0265089 0.044915 0.0714239
55 0.0276125 0.0445374 0.0721499
56 0.028627 0.0441456 0.0727727
57 0.0295573 0.0437451 0.0733024
58 0.0304122 0.0433405 0.0737527
59 0.0312046 0.0429351 0.0741397
60 0.0319503 0.0425304 0.0744807
61 0.0326684 0.0421256 0.074794
62 0.0333774 0.0417192 0.0750966
63 0.0340956 0.0413084 0.075404
64 0.0348381 0.0408899 0.075728
65 0.0356133 0.0404614 0.0760747
66 0.0364215 0.0400212 0.0764427
67 0.0372523 0.0395693 0.0768216
68 0.0380845 0.0391072 0.0771918
69 0.0388876 0.0386373 0.0775249
70 0.0396247 0.0381627 0.0777875
71 0.0402586 0.0376857 0.0779443
72 0.0407537 0.037209 0.0779627
73 0.0410832 0.0367335 0.0778167
74 0.0412301 0.0362594 0.0774895
75 0.0411878 0.0357861 0.0769739
76 0.0409587 0.0353128 0.0762715
77 0.0405522 0.0348392 0.0753914
78 0.0399804 0.0343666 0.074347
79 0.0392577 0.0338973 0.0731551
80 0.0383999 0.0334343 0.0718342
81 0.0374217 0.0329816 0.0704032
82 0.036338 0.0325427 0.0688806
83 0.0351629 0.0321209 0.0672838
84 0.0339104 0.0317186 0.065629
85 0.0325944 0.0313379 0.0639322
86 0.031231 0.0309802 0.0622113
87 0.0298425 0.0306457 0.0604882
88 0.0284567 0.030334 0.0587906
89 0.0271094 0.0300429 0.0571524
90 0.0258417 0.0297705 0.0556122
91 0.024699 0.0295128 0.0542118
92 0.0237255 0.0292663 0.0529918
93 0.022961 0.0290273 0.0519883
94 0.0224359 0.0287919 0.0512278
95 0.0221669 0.0285576 0.0507245
96 0.022156 0.0283224 0.0504784
97 0.0223909 0.0280847 0.0504756
98 0.022846 0.0278446 0.0506906
99 0.023488 0.0276018 0.0510898
100 0.0242803 0.0273564 0.0516367
101 0.0251885 0.0271074 0.0522959
102 0.0261826 0.0268539 0.0530365
103 0.0272418 0.0265929 0.0538347
104 0.0283505 0.0263223 0.0546728
105 0.0294983 0.0260401 0.0555384
106 0.0306772 0.0257451 0.0564223
107 0.0318789 0.0254378 0.0573167
108 0.0330935 0.0251198 0.0582133
109 0.0343078 0.0247943 0.0591021
110 0.0355062 0.024465 0.0599712
111 0.0366682 0.0241379 0.0608061
112 0.0377734 0.0238184 0.0615918
113 0.0388007 0.0235132 0.0623139
114 0.0397326 0.0232288 0.0629614
115 0.0405596 0.0229704 0.06353
116 0.0412814 0.0227418 0.0640232
117 0.0419108 0.0225436 0.0644544
118 0.0424702 0.0223745 0.0648447
119 0.0429909 0.0222303 0.0652212
120 0.0435055 0.0221063 0.0656117
121 0.0440434 0.0219976 0.066041
122 0.044625 0.0219011 0.0665261
123 0.0452568 0.0218165 0.0670733
124 0.045933 0.0217447 0.0676778
125 0.0466348 0.0216887 0.0683234
126 0.0473355 0.0216503 0.0689858
127 0.0480028 0.0216313 0.0696341
128 0.0486027 0.0216318 0.0702345
129 0.049102 0.021651 0.070753
130 0.0494709 0.0216875 0.0711585
131 0.0496869 0.0217394 0.0714263
132 0.0497344 0.0218059 0.0715402
133 0.0496108 0.0218848 0.0714956
134 0.0493248 0.0219747 0.0712994
135 0.0488956 0.0220736 0.0709692
136 0.0483488 0.0221811 0.0705299
137 0.0477138 0.0222971 0.0700109
138 0.0470175 0.0224238 0.0694413
139 0.0462823 0.0225646 0.0688469
140 0.0455249 0.0227233 0.0682481
141 0.044755 0.0229034 0.0676584
142 0.0439761 0.0231067 0.0670828
143 0.0431858 0.0233333 0.066519
144 0.0423773 0.0235818 0.0659591
145 0.0415444 0.0238495 0.0653938
146 0.040685 0.0241322 0.0648172
147 0.0398054 0.0244246 0.0642301
148 0.0389222 0.0247206 0.0636428
149 0.0380629 0.0250131 0.063076
150 0.0372623 0.0252962 0.0625585
151 0.0365596 0.0255656 0.0621252
152 0.0359923 0.0258193 0.0618116
153 0.0355913 0.0260575 0.0616488
154 0.0353783 0.0262809 0.0616591
155 0.0353644 0.0264894 0.0618538
156 0.0355515 0.0266806 0.0622321
157 0.0359282 0.0268551 0.0627833
158 0.0364839 0.0269986 0.0634825
159 0.0371873 0.0271119 0.0642992
160 0.0380056 0.0271918 0.0651974
161 0.038901 0.0272374 0.0661384
162 0.0398361 0.0272472 0.0670833
163 0.0407703 0.0272274 0.0679977
164 0.0416785 0.0271765 0.068855
165 0.042538 0.0270952 0.0696332
166 0.0433339 0.0269833 0.0703172
167 0.0440562 0.0268408 0.070897
168 0.0446998 0.0266667 0.0713665
169 0.0452598 0.026462 0.0717217
170 0.0457309 0.026229 0.0719599
171 0.0461088 0.0259711 0.0720799
172 0.0463894 0.0256938 0.0720832
