0 -72.1967 121.76 49.5631
2 -0.13251 0.313109 0.180599
3 -0.133193 0.312442 0.179249
4 -0.133662 0.311312 0.17765
5 -0.133953 0.309839 0.175886
6 -0.134093 0.308115 0.174023
7 -0.134106 0.306214 0.172108
8 -0.134012 0.304188 0.170176
9 -0.133829 0.302083 0.168254
10 -0.133569 0.299929 0.16636
11 -0.133245 0.297752 0.164507
12 -0.132867 0.295572 0.162705
13 -0.132443 0.293403 0.16096
14 -0.13198 0.291256 0.159276
15 -0.131484 0.289138 0.157655
16 -0.13096 0.287056 0.156096
17 -0.130412 0.285012 0.1546
18 -0.129844 0.283009 0.153165
19 -0.129259 0.281048 0.151789
20 -0.12866 0.27913 0.15047
21 -0.12805 0.277255 0.149205
22 -0.127429 0.275421 0.147992
23 -0.1268 0.273629 0.146829
24 -0.126165 0.271877 0.145712
25 -0.125524 0.270163 0.144638
26 -0.12488 0.268486 0.143606
27 -0.124233 0.266846 0.142613
28 -0.123583 0.265239 0.141656
29 -0.122928 0.263655 0.140727
30 -0.122278 0.262114 0.139836
31 -0.121628 0.260604 0.138976
32 -0.12098 0.259124 0.138144
33 -0.120333 0.257671 0.137339
34 -0.119688 0.256246 0.136558
35 -0.119046 0.254847 0.135801
36 -0.118408 0.253474 0.135066
37 -0.117773 0.252125 0.134352
38 -0.117142 0.2508 0.133658
39 -0.116515 0.249497 0.132983
40 -0.115893 0.248217 0.132325
41 -0.115276 0.246959 0.131684
42 -0.114664 0.245722 0.131058
43 -0.114057 0.244505 0.130448
44 -0.113456 0.243309 0.129852
45 -0.112861 0.242132 0.12927
46 -0.112272 0.240974 0.128702
47 -0.111689 0.239835 0.128145
48 -0.111113 0.238714 0.127601
49 -0.110543 0.237611 0.127069
50 -0.109979 0.236526 0.126547
51 -0.109422 0.235458 0.126036
52 -0.108872 0.234408 0.125536
53 -0.108328 0.233374 0.125045
54 -0.107792 0.232356 0.124565
55 -0.107262 0.231355 0.124093
56 -0.106739 0.23037 0.123631
57 -0.106224 0.2294 0.123177
58 -0.105715 0.228447 0.122732
59 -0.105213 0.227508 0.122295
60 -0.104719 0.226584 0.121866
61 -0.104231 0.225676 0.121445
62 -0.103751 0.224782 0.121031
63 -0.103278 0.223903 0.120625
64 -0.102812 0.223037 0.120226
65 -0.102352 0.222186 0.119834
66 -0.1019 0.221349 0.119449
67 -0.101455 0.220526 0.11907
68 -0.101017 0.219716 0.118698
69 -0.100586 0.218919 0.118333
70 -0.100162 0.218136 0.117974
71 -0.099745 0.217365 0.11762
72 -0.0993346 0.216608 0.117273
73 -0.098931 0.215863 0.116932
74 -0.0985342 0.21513 0.116596
75 -0.0981441 0.21441 0.116266
76 -0.0977606 0.213701 0.115941
77 -0.0973837 0.213005 0.115621
78 -0.0970133 0.21232 0.115307
79 -0.0966494 0.211647 0.114997
80 -0.0962919 0.210985 0.114693
81 -0.0959407 0.210334 0.114393
82 -0.0955958 0.209694 0.114099
83 -0.095257 0.209066 0.113809
84 -0.0949244 0.208447 0.113523
85 -0.0945978 0.20784 0.113242
86 -0.0942772 0.207242 0.112965
87 -0.0939625 0.206655 0.112693
88 -0.0936536 0.206078 0.112424
89 -0.0933505 0.205511 0.11216
90 -0.093053 0.204953 0.1119
91 -0.0927611 0.204405 0.111643
92 -0.0924747 0.203866 0.111391
93 -0.0921937 0.203336 0.111142
94 -0.091918 0.202815 0.110897
95 -0.0916476 0.202304 0.110656
96 -0.0913823 0.2018 0.110418
97 -0.0911222 0.201306 0.110184
98 -0.090867 0.20082 0.109953
99 -0.0906167 0.200342 0.109725
100 -0.0903713 0.199872 0.109501
101 -0.0901307 0.199411 0.10928
102 -0.0898947 0.198957 0.109062
103 -0.0896633 0.198511 0.108848
104 -0.0894364 0.198072 0.108636
105 -0.0892139 0.197641 0.108427
106 -0.0889958 0.197217 0.108222
107 -0.0887819 0.196801 0.108019
108 -0.0885722 0.196391 0.107819
109 -0.0883666 0.195989 0.107622
110 -0.088165 0.195593 0.107428
111 -0.0879673 0.195204 0.107237
112 -0.0877735 0.194821 0.107048
113 -0.0875835 0.194445 0.106862
114 -0.0873972 0.194076 0.106678
115 -0.0872145 0.193712 0.106498
116 -0.0870353 0.193355 0.106319
0 -72.1967 121.76 49.5631
1 -0.132684 0.314788 0.182104
2 -0.13251 0.313109 0.180599
3 -0.133193 0.312442 0.179249
4 -0.133662 0.311312 0.17765
5 -0.133953 0.309839 0.175886
6 -0.134093 0.308115 0.174023
