$MeshFormat
2.2 0 8
$EndMeshFormat
$Nodes
782
1 0 0 0
2 1.5 0 0
3 5 0 0
4 5 1 0
5 1.5 1 0
6 0 1 0
7 0.6 0.5 0
8 0.8 0.5 0
9 0 0.7 0
10 0 0.3 0
11 0.1874999999992419 0 0
12 0.3749999999984601 0 0
13 0.5624999999977921 0 0
14 0.7499999999971457 0 0
15 0.9374999999978434 0 0
16 1.124999999998562 0 0
17 1.312499999999281 0 0
18 0.09374999999959803 0 0
19 0.2812499999988338 0 0
20 0.4687499999981143 0 0
21 0.6562499999974948 0 0
22 0.8437499999975117 0 0
23 1.031249999998239 0 0
24 1.218749999998973 0 0
25 1.406249999999718 0 0
26 1.691797648739922 0 0
27 1.888850464261637 0 0
28 2.091302397624609 0 0
29 2.299301533054847 0 0
30 2.512999730032564 0 0
31 2.732553185841004 0 0
32 2.958122333703472 0 0
33 3.189871997774722 0 0
34 3.427971521630743 0 0
35 3.672594909568359 0 0
36 3.923920885033556 0 0
37 4.182133105974669 0 0
38 4.447420247407977 0 0
39 4.719976155370017 0 0
40 1.595898824369972 0 0
41 1.790324056500762 0 0
42 1.990076430943213 0 0
43 2.195301965339692 0 0
44 2.406150631543657 0 0
45 2.622776457936895 0 0
46 2.845337759772238 0 0
47 3.073997165739146 0 0
48 3.308921759702602 0 0
49 3.55028321559952 0 0
50 3.7982578973011 0 0
51 4.05302699550391 0 0
52 4.314776676691745 0 0
53 4.583698201388659 0 0
54 4.859988077684836 0 0
55 5 0.2499999999994109 0
56 5 0.4999999999986918 0
57 5 0.7499999999993401 0
58 5 0.1249999999997752 0
59 5 0.3749999999990514 0
60 5 0.624999999999016 0
61 5 0.87499999999967 0
62 4.719976155366743 1 0
63 4.447420247405028 1 0
64 4.182133105972027 1 0
65 3.923920885031207 1 0
66 3.67259490956629 1 0
67 3.427971521629856 1 0
68 3.189871997775523 1 0
69 2.958122333702074 1 0
70 2.732553185839837 1 0
71 2.512999730031618 1 0
72 2.29930153305411 1 0
73 2.091302397624072 1 0
74 1.888850464261289 1 0
75 1.691797648739752 1 0
76 4.859988077683469 1 0
77 4.583698201385727 1 0
78 4.314776676688414 1 0
79 4.053026995501528 1 0
80 3.798257897298749 1 0
81 3.550283215597992 1 0
82 3.308921759702837 1 0
83 3.073997165738849 1 0
84 2.845337759770921 1 0
85 2.62277645793579 1 0
86 2.406150631542926 1 0
87 2.195301965339091 1 0
88 1.990076430942668 1 0
89 1.790324056500666 1 0
90 1.595898824369825 1 0
91 1.312500000000905 1 0
92 1.125000000001289 1 0
93 0.9375000000012396 1 0
94 0.7500000000020797 1 0
95 0.5625000000015757 1 0
96 0.3750000000010505 1 0
97 0.1875000000005254 1 0
98 1.406250000000441 1 0
99 1.218750000001047 1 0
100 1.031250000001276 1 0
101 0.843750000001677 1 0
102 0.6562500000018847 1 0
103 0.4687500000012277 1 0
104 0.2812500000009068 1 0
105 0.09375000000017231 1 0
106 0.6499999999997025 0.4133974596217279 0
107 0.7499999999998477 0.4133974596214682 0
108 0.6133974596215019 0.4500000000000938 0
109 0.6999999999995488 0.4 0
110 0.7866025403783664 0.449999999999866 0
111 0.7500000000003104 0.5866025403782648 0
112 0.6500000000002217 0.586602540378572 0
113 0.7866025403785253 0.5499999999998592 0
114 0.7000000000005595 0.6000000000000001 0
115 0.6133974596217161 0.5500000000002773 0
116 0 0.8500000000001735 0
117 0 0.925000000000036 0
118 0 0.7749999999999313 0
119 0 0.5000000000005315 0
120 0 0.6000000000002657 0
121 0 0.4000000000002612 0
122 0 0.1500000000003847 0
123 0 0.2250000000001664 0
124 0 0.07500000000020571 0
125 1.287685300092933 0.5416910427765723 0
126 1.806834421419176 0.4999999999999715 0
127 2.306892033801581 0.5000000000000056 0
128 1.043586054451256 0.713578289031812 0
129 1.047156468974251 0.2868037447233358 0
130 0.3795986529494709 0.2959000884976445 0
131 0.3173861088953341 0.6268758374009846 0
132 2.813383422890911 0.5000000000000944 0
133 3.324065725720758 0.4999999999999077 0
134 3.728906889109636 0.4999999999997038 0
135 4.23765466372338 0.5022579010265611 0
136 0.4727882643433823 0.7494483564927079 0
137 0.7219324612046318 0.7866536427665376 0
138 1.553493430221802 0.6886798892560164 0
139 1.538528134055215 0.3125312239320992 0
140 0.7018796606722078 0.2116481915387897 0
141 2.056863227610365 0.688671652505831 0
142 2.047508160720945 0.3137683487611927 0
143 1.029401926959131 0.5013684856363734 0
144 0.4205574522939035 0.4745290957332753 0
145 2.560137728346213 0.6880886090797157 0
146 2.547043879153823 0.3125712451468869 0
147 0.2364581815408393 0.4432349271132804 0
148 1.287888125179998 0.7504553309881363 0
149 1.287888125178777 0.2495446690119337 0
150 3.068724574305906 0.697033752020689 0
151 3.066254640080318 0.3044675176764148 0
152 0.1843965381950808 0.7750000000000866 0
153 0.522203420282489 0.2739852923261473 0
154 4.682064800336136 0.3765413976145001 0
155 0.185265317807826 0.2254235743952583 0
156 0.8852729584663035 0.2732050846654724 0
157 0.8871242668770726 0.7262738900884084 0
158 0.4902449178937621 0.6319334111530658 0
159 1.76817876636411 0.7224840924093972 0
160 1.801727931347098 0.2424357404993967 0
161 3.58157889956604 0.6900953439594183 0
162 3.581578899566043 0.3099046560400491 0
163 4.090606801717742 0.6898543260776847 0
164 4.090606801717835 0.3103807739868679 0
165 4.612527236747168 0.7874216273435641 0
166 2.289373855327484 0.7422764539949875 0
167 2.300441999552604 0.2377894285359567 0
168 2.818939439281274 0.7549528391799758 0
169 2.870028703477012 0.1896465596367706 0
170 0.1251187179073317 0.632045918010321 0
171 3.322386624807053 0.7566662100666499 0
172 3.323760094145119 0.241504718140148 0
173 0.5346731329367759 0.4138109282211157 0
174 0.3260238706141824 0.752415209050938 0
175 0.8622374611365291 0.4010534642749505 0
176 0.8649062761790383 0.599214661827836 0
177 0.4271185510329176 0.1507231013816044 0
178 3.82930437813249 0.765297707130448 0
179 3.829304378133551 0.2347316803772116 0
180 1.497084167204128 0.5000000000000054 0
181 1.130636982368053 0.4258355110124557 0
182 4.30010832591837 0.2350161859392606 0
183 4.308523523302462 0.7664521004687352 0
184 0.9938557051005909 0.1433381376981526 0
185 0.9931836456307558 0.8564496564357838 0
186 0.598964788457374 0.6968146650802317 0
187 2.011082739537134 0.4913125830563579 0
188 1.140279708233419 0.1664361080660648 0
189 1.139295108353169 0.8338320585512742 0
190 0.8579480747431559 0.873875437858146 0
191 0.8537016648468182 0.125638282780483 0
192 1.107264522252508 0.5813689056993296 0
193 0.7006755312695095 0.3401644035421698 0
194 1.418710186403775 0.8279526439875311 0
195 1.416671764858396 0.1722301834027605 0
196 0.7000000000005573 0.6814570217310347 0
197 0.1237232972663999 0.3577767391500141 0
198 2.513215346360216 0.4902013887667685 0
199 0.5751619485535178 0.1406602234716074 0
200 0.2848948829712495 0.1175197843395894 0
201 3.024273928483336 0.490965848600414 0
202 1.620417348038327 0.856275202612281 0
203 1.634769875741121 0.1716945540049839 0
204 1.952749567823807 0.828728377197316 0
205 1.955218353343677 0.1679409936369626 0
206 1.398618303114251 0.3696503714306904 0
207 1.40601397361874 0.6527825948779875 0
208 4.786587065857613 0.5895751951386025 0
209 0.2684420116724743 0.8817712166522969 0
210 1.657071095210883 0.5566164310582392 0
211 0.5874847723116035 0.858654151153045 0
212 2.140959925245779 0.8474099722531102 0
213 2.148564447640396 0.1639033389632624 0
214 0.4012754136464552 0.6693611180150849 0
215 1.695155603521265 0.3772928343531622 0
216 3.525422592515035 0.4999999999997505 0
217 4.572326292285906 0.2123309139583823 0
218 2.456496950333383 0.1680566429939054 0
219 2.456496950333238 0.831943357005979 0
220 2.638154736490708 0.174200238848425 0
221 2.634238692176647 0.8507365686654695 0
222 1.911900934685368 0.6386606937292754 0
223 1.899645833449978 0.3639125152986112 0
224 0.5051722999211731 0.5223903927411295 0
225 0.4320398198240447 0.8737148222248312 0
226 4.799512722382206 0.2012036654299551 0
227 0.25316260016597 0.3257070342441034 0
228 0.9145885261240068 0.5009658432255231 0
229 0.1223008183355836 0.1196572264559041 0
230 2.154963320434935 0.5586688207587051 0
231 0.1195473939047617 0.8802952027754405 0
232 3.967730652089106 0.5004203980997461 0
233 0.3227146684018799 0.513492532876993 0
234 0.3409490250505367 0.405963354284419 0
235 0.4095584768420846 0.5730970646534221 0
236 2.196368582077697 0.3767673420887798 0
237 2.398427576582088 0.3630496714517385 0
238 2.419481522840171 0.6440931513936498 0
239 4.821274881926068 0.8251469560269926 0
240 0.9796359600375257 0.6064223681764813 0
241 0.6162827639855566 0.3310778665492766 0
242 1.173143822065973 0.6841851254094249 0
243 0.9793366259021152 0.3966594120625418 0
244 1.170708365636689 0.3010586576119698 0
245 0.785420066213308 0.3293194428539218 0
246 2.66480874888678 0.5573355543184277 0
247 3.075978212203338 0.1339913074715624 0
248 3.073375505033772 0.8631073804048166 0
249 0.7847926008523221 0.6760403513584163 0
250 0.2241603584070247 0.558336571718951 0
251 0.433202594951157 0.382916447241217 0
252 0.2904709524774444 0.2269963210362421 0
253 0.5688764012545061 0.5875482018705999 0
254 4.499970272595862 0.4956564744985152 0
255 2.905800567465072 0.3707753213986311 0
256 2.923443939012334 0.6204182970686412 0
257 2.709805970106464 0.3749269853129867 0
258 4.860304954114247 0.3749999999990514 0
259 3.55457414936064 0.8630763941623366 0
260 3.55464565442952 0.1368299113199736 0
261 0.1360960360883968 0.4946801775594412 0
262 1.786091701175475 0.8863652646086395 0
263 1.791404022709106 0.1053567176762375 0
264 0.229480717606598 0.6740402920164434 0
265 3.170570088106516 0.5650495082369311 0
266 0.07614470923518456 0.2250000000001924 0
267 0.07694581356049002 0.7750000000000866 0
268 1.262307363526409 0.8789643219349126 0
269 1.263003708878964 0.1211043566097984 0
270 1.258228469945695 0.3784310463176276 0
271 4.056637663798568 0.8648566059537945 0
272 4.053026995504112 0.1279165573272444 0
273 3.18178489530721 0.4203975185307631 0
274 1.230414561079453 0.6129380840929986 0
275 1.287786712636466 0.6460731868823544 0
276 1.230515973622985 0.7173202281987806 0
277 0.7259398303346767 0.1058240957693949 0
278 0.6385208046128628 0.1761542075051986 0
279 0.6625809742753317 0.0703301117358037 0
280 1.605282262716343 0.6226481601571279 0
281 1.712624930787497 0.6395502617338182 0
282 1.660836098292956 0.7055819908327068 0
283 3.424744159117897 0.4999999999998291 0
284 3.423904608661044 0.6283331050332002 0
285 3.323226175263906 0.6283331050332788 0
286 3.323912909932939 0.3707523590700278 0
287 3.424591343330077 0.3707523590699492 0
288 1.787506593891643 0.6112420462046844 0
289 1.731952758315029 0.5283082155291053 0
290 3.451982762186546 0.7233807770130341 0
291 3.553500746040538 0.5950476719795844 0
292 3.553500746040539 0.4049523280198998 0
293 3.452669496855581 0.2757046870900985 0
294 1.140204172159241 0.6327770155543773 0
295 1.197474911172721 0.5615299742379509 0
296 1.346849636855836 0.5972368188272799 0
297 1.346951049399369 0.7016189629330619 0
298 4.529973742076098 0.8937108136717821 0
299 4.666251696056955 0.8937108136717821 0
300 0.6687423861568416 0.9293270755765225 0
301 0.6547086167581177 0.8226538969597913 0
302 0.7359662306033558 0.8933268213832688 0
303 3.655242894337838 0.595047671979561 0
304 3.627164740812336 0.4999999999997271 0
305 3.65524289433784 0.4049523280198765 0
306 1.859367678052272 0.5693303468646235 0
307 1.840039850524739 0.6805723930693363 0
308 2.914075518590242 0.09482327981838529 0
309 2.801290944659008 0.09482327981838529 0
310 2.775746312560555 0.8774764195899879 0
311 2.888530886491674 0.8774764195899879 0
312 3.017050272953405 0.0669956537357812 0
313 2.973003457840175 0.1618189335541665 0
314 2.946157472157523 0.8090301097923962 0
315 3.015748919367923 0.9315536902024083 0
316 1.694298057201219 0.789379647510839 0
317 1.586955389130065 0.7724775459341486 0
318 0.4033586019911943 0.2233115949396244 0
319 0.4746609856577033 0.2123541968538758 0
320 0.45090103661598 0.2849426904118959 0
321 4.436217309102139 0.2236735499488214 0
322 4.536148282440884 0.3539936942284487 0
323 4.400039299257117 0.3653363302188879 0
324 3.779105633621063 0.6326488535650758 0
325 3.705441638849265 0.7276965255449331 0
326 3.705441638849797 0.2723181682086304 0
327 3.779105633621593 0.3673658401884578 0
328 0.6590812123288822 0.2713630290440331 0
329 0.5692430921340228 0.3025315794377119 0
330 0.6120415404773484 0.2428167419324685 0
331 4.377971885353745 0.8832260502343676 0
332 4.460525380024815 0.7769368639061497 0
333 3.848318770599371 0.500210199049725 0
334 3.898517515110798 0.632859052615097 0
335 3.898517515111328 0.3675760392384789 0
336 0.477703007616823 0.3284508697836822 0
337 0.406400623950314 0.3394082678694308 0
338 0.7899402679738938 0.8302645403123419 0
339 0.8039740373726179 0.9369377189290731 0
340 2.968141671778665 0.2470570386565927 0
341 3.071116426141828 0.2192294125739886 0
342 3.071050039669839 0.7800705662127527 0
343 2.94383200679359 0.7259932956003323 0
344 0.7935763095692556 0.2424266381021311 0
345 0.8353465123398057 0.3012622637596971 0
346 0.7436498634427579 0.2704838171963557 0
347 3.959955589925116 0.7275760166040663 0
348 4.029168726903424 0.5951373620887155 0
349 4.02916872690347 0.405400586043307 0
350 3.959955589925693 0.2725562271820398 0
351 0.7533625310284769 0.731346997062477 0
352 0.8359584338646973 0.7011571207234124 0
353 0.8045283640408523 0.7564637664274729 0
354 4.268881494820875 0.3686370434829108 0
355 4.368812468159621 0.4989571877625382 0
356 4.102692657906243 0.5013391495631536 0
357 4.164130732720608 0.4063193375067145 0
358 4.164130732720562 0.596056113552123 0
359 0.801850832421982 0.06281914139024147 0
360 0.777790662759513 0.1686432371596363 0
361 1.61684186878824 0.3449120291426307 0
362 1.596119885362696 0.4386464171765838 0
363 1.517806150629672 0.4062656119660523 0
364 4.591017536465999 0.4360989360565076 0
365 4.627195546311021 0.2944361557864412 0
366 0.06255935895366585 0.5660229590054262 0
367 0.06255935895366585 0.6660229590051605 0
368 1.676113349366074 0.4669546327057007 0
369 1.577077631207506 0.5283082155291223 0
370 4.195357563818103 0.2726984799630642 0
371 4.273089093512921 0.6343550007476482 0
372 4.199565162510102 0.72815321327321 0
373 2.10591327402265 0.623670236632268 0
374 2.222168587881209 0.6504726373768464 0
375 2.173118541468925 0.7154740532504093 0
376 3.375865807887931 0.120752359070074 0
377 3.256816045959921 0.120752359070074 0
378 3.256129311291288 0.878333105033325 0
379 3.375179073218455 0.878333105033325 0
380 0.5673365664683879 0.4569054641105578 0
381 0.5923365664682392 0.4136041939214218 0
382 0.06186164863319997 0.3288883695750071 0
383 0.06186164863319997 0.4288883695752728 0
384 0.568830974275655 0.0703301117358037 0
385 3.613584529463465 0.9315381970811683 0
386 3.691939263746565 0.8141870506463923 0
387 3.75094964384939 0.8826488535652239 0
388 3.750949643850955 0.1173658401886058 0
389 3.691975016281536 0.1857807958485926 0
390 3.613620281998939 0.06841495565998677 0
391 2.298132944564533 0.6211382269974966 0
392 2.230927677118258 0.5293344103793554 0
393 1.748441767434181 0.3098642874262794 0
394 1.664962739631193 0.274493694179073 0
395 1.718248903544109 0.2070651472521903 0
396 2.871191689146804 0.6876855681243085 0
397 2.99608425665912 0.6587260245446651 0
398 2.986027603772695 0.337621419537523 0
399 2.887914635471042 0.2802109405177009 0
400 0.9662147137202773 0.2800044146944041 0
401 0.9395643317834472 0.2082716111818125 0
402 1.020506087037421 0.2150709412107442 0
403 1.059091822816022 0.9282248282178919 0
404 1.066239376991963 0.845140857493529 0
405 1.132147554177229 0.9169160292756371 0
406 1.132639854115991 0.08321805403303238 0
407 1.067067706667005 0.1548871228821087 0
408 1.059427852549576 0.07166906884907631 0
409 1.018384850041006 0.7850139727337979 0
410 0.9401539562539142 0.7913617732620961 0
411 0.9653551606641644 0.7199260895601102 0
412 3.876612631581849 0.8826488535652239 0
413 3.876612631583553 0.1173658401886058 0
414 1.586649004898168 0.2421128889685416 0
415 1.013246547438183 0.3417315783929388 0
416 0.9323047921842094 0.3349322483640071 0
417 2.220130729149945 0.9237049861265552 0
418 2.215166890286632 0.7948432131240488 0
419 2.294337694190797 0.8711382269974938 0
420 2.299871766303726 0.1188947142679784 0
421 2.2245032235965 0.2008463837496096 0
422 2.223932990347622 0.08195166948163121 0
423 2.372935402830361 0.7871099055004833 0
424 2.377899241693674 0.9159716785029894 0
425 2.377899241694115 0.08402832149695272 0
426 2.378469474942993 0.2029230357649311 0
427 3.199869153174229 0.1877480128058552 0
428 3.13292510498903 0.0669956537357812 0
429 3.131623751404647 0.9315536902024083 0
430 3.197881064920412 0.8098867952357333 0
431 0.9653418228159977 0.9282248282178919 0
432 0.8061187305681884 0.4072254619482094 0
433 0.8311187305682646 0.4505267321374752 0
434 3.56807652446334 0.7765858690608775 0
435 3.568112276997781 0.2233672836800114 0
436 0.9656778525492171 0.07166906884907631 0
437 0.9333801134572992 0.6663481291324449 0
438 1.011611007244391 0.6600003286041467 0
439 0.5486826844180034 0.2073227578988773 0
440 0.8694873116565609 0.1994216837229777 0
441 0.8324531380895192 0.549607330913918 0
442 0.8074531380896743 0.5929086011030504 0
443 0.8725361708101143 0.8000746639732772 0
444 4.716901059336617 0.8062842916852784 0
445 4.770625518646406 0.9125734780134963 0
446 2.612473238616497 0.6227120816990717 0
447 2.741874094084027 0.6561441967492018 0
448 2.689538583813744 0.7215207241298458 0
449 2.098911576428072 0.7680408123794706 0
450 3.19555559955648 0.7268499810436695 0
451 3.195007367112719 0.2729861179082814 0
452 2.363186778320876 0.5720465756968276 0
453 2.354427689083828 0.6931848026943186 0
454 0.4948092755153549 0.07536155069080218 0
455 0.4010592755156889 0.07536155069080218 0
456 0.7012775959708586 0.2759062975404797 0
457 0.6584791476275331 0.3356211350457232 0
458 0.5932247803844888 0.7777344081166384 0
459 0.6604486248310029 0.7417341539233846 0
460 4.119385384885298 0.9324283029768973 0
461 4.182580593550515 0.8156543532112649 0
462 4.245328314637245 0.8832260502343676 0
463 4.241120715946519 0.1175080929696303 0
464 4.176567660711241 0.1814663716332525 0
465 4.11758005073939 0.06395827866362219 0
466 4.734325933096875 0.4830582963765513 0
467 4.643278669226737 0.5426158348185588 0
468 2.816161431086092 0.6274764195900351 0
469 2.739096085888845 0.5286677771592611 0
470 0.5011402497932177 0.1456916624266059 0
471 4.404246897949162 0.6310542874836252 0
472 4.556248754671515 0.6415390509210397 0
473 1.36560509320234 0.9139763219937656 0
474 1.459355093201888 0.9139763219937656 0
475 1.458335882429198 0.08611509170138025 0
476 1.364585882428838 0.08611509170138025 0
477 0.7430477987414088 0.3347419231980458 0
478 4.073622232758155 0.7773554660157396 0
479 4.071816898610973 0.2191486656570561 0
480 4.373764286663174 0.1175080929696303 0
481 0.5749923861565895 0.9293270755765225 0
482 0.5525861499605865 0.5111951963705648 0
483 0.5199227164289745 0.4681006604811226 0
484 0.9207870435193222 0.3988564381687462 0
485 0.8737552098014163 0.3371292744702115 0
486 0.1306711758777854 0.7750000000000866 0
487 0.1010322657339109 0.7035229590052038 0
488 0.1547576280512062 0.7035229590052038 0
489 0.5358765264003782 0.7231315107864698 0
490 0.5301365183274929 0.8040512538228765 0
491 0.4815165911185722 0.6906908838228869 0
492 0.5446048531755681 0.6643740381166488 0
493 0.03847290678024501 0.7375000000000433 0
494 1.004369276430623 0.4490139488494576 0
495 1.054986804135084 0.4112474615374988 0
496 1.080019454663592 0.4636019983244145 0
497 2.726589065728961 0.8028447039227227 0
498 2.597188210261431 0.7694125888725927 0
499 4.899756361191103 0.1006018327149775 0
500 4.759744438876112 0.1006018327149775 0
501 0.8760152715280554 0.6627442759581221 0
502 0.922271118108282 0.6028185150021587 0
503 1.287403681763657 0.9394821609674563 0
504 1.340508774965092 0.8534584829612218 0
505 1.33983773686868 0.1466672700062795 0
506 1.287751854439122 0.06055217830489922 0
507 0.7109662306025946 0.7340553322487862 0
508 0.7423963004264397 0.6787486865447255 0
509 2.868413680951623 0.5602091485343678 0
510 4.899756361191103 0.225601832714683 0
511 2.683395939008242 0.9253682843327348 0
512 2.75409171998386 0.1819233992425978 0
513 2.685353961165856 0.08710011942421247 0
514 2.121938371399321 0.3452678454249862 0
515 2.103725660807416 0.4340399625725688 0
516 2.02929545012904 0.4025404659087753 0
517 3.119647331206211 0.63104163012881 0
518 3.246478356456785 0.6608578591517905 0
519 0.1772997177569649 0.6530431050133823 0
520 0.2069386279008394 0.7245201460082651 0
521 0.4972699099128102 0.9368574111124156 0
522 0.5097622960678241 0.8661844866889381 0
523 0.6244823942287978 0.6417086027294019 0
524 0.5839205948559401 0.6421814334754158 0
525 0.609438200627364 0.587075371124586 0
526 0.5284382766096325 0.3438981102736315 0
527 0.4839378639439664 0.3983636877311664 0
528 3.252772494726164 0.3309511183354555 0
529 3.124019767693764 0.362432518103589 0
530 0.3217049897547583 0.6896455232259613 0
531 0.2777522941103902 0.7132277505336907 0
532 0.273433413250966 0.650458064708714 0
533 2.175665951256316 0.4677180814237424 0
534 2.083023029986035 0.5249907019075315 0
535 1.088896725671152 0.3563196278678957 0
536 4.69955715130239 0.6884984112410832 0
537 3.247317906913637 0.5325247541184194 0
538 0.4370318389949187 0.7094047372538964 0
539 0.4457601657701087 0.6506472645840753 0
540 3.438480387083847 0.8098713021144932 0
541 3.43920287428732 0.1891673147300608 0
542 3.491272835495248 0.9315381970811683 0
543 3.491308588030131 0.06841495565998677 0
544 2.119933422632503 0.08195166948163121 0
545 2.116131161434925 0.9237049861265552 0
546 1.412362080011258 0.7403676194327593 0
547 1.353299155791887 0.7892039874878337 0
548 1.352279945018586 0.2108874262073471 0
549 1.407645033986324 0.2709402774167254 0
550 1.343253214146514 0.309597520221312 0
551 0.675337765634606 0.3767809315819489 0
552 0.7253377656346787 0.376780931581819 0
553 0.4776152926153396 0.4441700119771955 0
554 0.4628648761075382 0.4984597442372024 0
555 2.484748340182428 0.9159716785029894 0
556 2.484748340182973 0.08402832149695272 0
557 1.093718088603835 0.2266199263947002 0
558 0.1549004091674128 0.05982861322795206 0
559 0.06115040916779181 0.05982861322795206 0
560 3.252925310513984 0.4601987592653354 0
561 0.05977369695238086 0.9401476013877202 0
562 0.1535236969526435 0.9401476013877202 0
563 1.091440581402213 0.773705173791543 0
564 4.771184877225192 0.3757706988067757 0
565 4.82344600998593 0.4822875975688269 0
566 2.023260375484143 0.08397049681848127 0
567 1.922034408802657 0.08397049681848127 0
568 1.920800016042548 0.914364188598658 0
569 2.022025982723939 0.914364188598658 0
570 1.486101808312789 0.7583162666217738 0
571 1.479753701920271 0.670731242067002 0
572 1.468573218584733 0.3410907976813948 0
573 1.477599949456806 0.2423807036674299 0
574 0.3350348027134577 0.2614482047669433 0
575 0.3587947517551811 0.1888597112089232 0
576 0.6750000000003895 0.6340297810548033 0
577 0.6494823942289656 0.6891358434056332 0
578 1.118950752310281 0.5036022083558926 0
579 1.06833322460582 0.5413686956678515 0
580 0.3593307612708947 0.6481184777080348 0
581 0.3636496421303188 0.7108881635330114 0
582 1.209161141230493 0.483763276894514 0
583 0.7250000000004339 0.6340297810546498 0
584 0.4035199099125476 0.9368574111124156 0
585 1.560208674019163 0.9281376013061404 0
586 1.65610749838904 0.9281376013061404 0
587 1.663283762240521 0.08584727700249194 0
588 1.56738493787056 0.08584727700249194 0
589 0.1299096666773983 0.4262284583547277 0
590 0.06804801804419838 0.4973400887799863 0
591 0.05977369695238086 0.865147601387807 0
592 0.06115040916779181 0.1348286132281444 0
593 2.628424924630143 0.3437491152299368 0
594 2.61151065823334 0.4325641870398777 0
595 2.53012961275702 0.4013863169568277 0
596 0.5754779484611663 0.3724443973851961 0
597 0.6331413819926295 0.3722376630855023 0
598 2.687307359496622 0.4661312698157072 0
599 2.589012047623498 0.5237684715425981 0
600 0.4524140420837135 0.8115815893587696 0
601 0.8977240373721978 0.9369377189290731 0
602 0.8956008324223308 0.06281914139024147 0
603 1.932325251254587 0.7336945354632957 0
604 1.860464167093959 0.7756062348033566 0
605 1.878473142345387 0.2051883670681796 0
606 1.927432093396827 0.2659267544677869 0
607 1.850686882398538 0.3031741278990039 0
608 4.910637440963035 0.9125734780134963 0
609 1.519563767221051 0.842113923299906 0
610 1.525720820299759 0.1719623687038722 0
611 0.9255658601869559 0.8651625471469648 0
612 0.9237786849737045 0.1344882102393178 0
613 0.3994060674787824 0.7509317827718229 0
614 0.2552102044046316 0.7637076045255122 0
615 0.8884129936302679 0.4510096537502368 0
616 0.8572942630620034 0.5004829216127615 0
617 2.051891400492036 0.1659221663001125 0
618 2.046854746534793 0.8380691747252131 0
619 2.004806397717086 0.7587000148515735 0
620 1.984382081147866 0.6636661731175532 0
621 1.973576997085462 0.3388404320299019 0
622 2.001363257032311 0.2408546711990776 0
623 2.592599307822265 0.243385741997656 0
624 2.673980353298586 0.2745636120807058 0
625 2.789917336791738 0.2822867724748787 0
626 3.941165686818831 0.181324118852228 0
627 3.942971020965529 0.8150771565421213 0
628 1.343151801603592 0.4556707071036313 0
629 1.44785123515919 0.4348251857153479 0
630 1.392384733648531 0.5208455213882889 0
631 1.451549070411434 0.5763912974389964 0
632 2.09803630418067 0.2388358438622276 0
633 2.172466514859047 0.2703353405260212 0
634 1.525288798712965 0.5943399446280109 0
635 4.646151223827962 0.1061654569791912 0
636 4.509873269846942 0.1061654569791912 0
637 1.713086949225114 0.1385256358406107 0
638 1.796565977028102 0.1738962290878171 0
639 1.777135233769793 0.8044246785090183 0
640 1.703254524606901 0.8713202336104602 0
641 0.8897474011515225 0.5500902525266795 0
642 3.988473940268834 0.06395827866362219 0
643 3.990279274414887 0.9324283029768973 0
644 0.1537830680717048 0.1725404004255812 0
645 0.2035978506534166 0.1185885053977468 0
646 0.2350801003895378 0.1714716793674239 0
647 0.7677100331065778 0.371358451237695 0
648 0.8238287636749185 0.3651864535644361 0
649 0.2972329411433283 0.8170932128516174 0
650 0.2264192749337775 0.8283856083261918 0
651 2.248405290815151 0.3072783853123683 0
652 4.910637440963035 0.7875734780131664 0
653 0.8248494385156802 0.6376275065931262 0
654 0.7673963004263162 0.6313214458683405 0
655 1.043450241145017 0.5938956369379055 0
656 1.004518943498328 0.5538954269064274 0
657 0.5295606595741341 0.6097408065118328 0
658 1.275097744353203 0.8147098264615245 0
659 0.3299474414848548 0.0587598921697947 0
660 0.2361974414852457 0.0587598921697947 0
661 1.27544591702887 0.1853245128108661 0
662 3.103029411895273 0.4556816835655886 0
663 3.045264284281827 0.3977166831384144 0
664 1.194001854438763 0.06055217830489922 0
665 4.893293532928807 0.6697875975689713 0
666 4.893293532928807 0.5447875975686471 0
667 1.193653681763849 0.9394821609674563 0
668 0.3790318452191136 0.8130650156378846 0
669 2.573619211104132 0.9253682843327348 0
670 2.575577233261636 0.08710011942421247 0
671 0.4268800236225302 0.4287227714872462 0
672 3.176177491706863 0.4927235133838471 0
673 3.097422008294926 0.5280076784186726 0
674 0.2279710058364998 0.9408856083261484 0
675 0.3217210058367624 0.9408856083261484 0
676 1.797400718485621 0.3706026748258867 0
677 1.75099501247022 0.4386464171765668 0
678 1.853240127434577 0.4319562576492914 0
679 0.946962576013061 0.4488126276440324 0
680 1.075425288351882 0.6474735973655708 0
681 0.1306073769978642 0.563363047784881 0
682 1.201641708556192 0.1437702323379316 0
683 1.200801235939789 0.8563981902430934 0
684 0.4499016973679234 0.6025152379032439 0
685 0.4573653883816289 0.5477437286972758 0
686 0.4977086089074676 0.5771619019470977 0
687 0.3560067170020835 0.1341214428605969 0
688 4.685919507334056 0.2067672896941687 0
689 1.908958580478155 0.4956562915281647 0
690 1.961491837111251 0.5649866383928166 0
691 1.955364286493556 0.4276125491774845 0
692 0.287682917724347 0.1722580526879157 0
693 0.415057964567994 0.5238130801933487 0
694 4.930152477057124 0.4374999999988716 0
695 1.108364938258615 0.6988817072206184 0
696 1.156219465209571 0.7590085919803495 0
697 1.155494036935054 0.2337473828390173 0
698 1.10893241730547 0.2939312011676528 0
699 1.150672674002371 0.3634470843122127 0
700 2.427462263457735 0.265553157222822 0
701 2.349434788067346 0.3004195499938476 0
702 2.437989236586704 0.7380182541998144 0
703 0.9471122430807663 0.5536941057010022 0
704 2.03397298357375 0.5899921177810944 0
705 2.472735727867955 0.3378104582993127 0
706 2.501770414743603 0.2403139440703962 0
707 2.508317339339725 0.7600159830428473 0
708 2.489809625593192 0.6660908802366827 0
709 0.154494307537113 0.2916001567726362 0
710 0.09993400325079224 0.2913883695751032 0
711 0.1307050135215053 0.2252117871977253 0
712 1.738944674957614 0.9431826323043198 0
713 1.837471082718382 0.9431826323043198 0
714 1.840127243485372 0.05267835883811874 0
715 1.741600835724514 0.05267835883811874 0
716 0.3502409157482595 0.877743019438564 0
717 0.03807235461759228 0.2625000000000962 0
718 0.9719952265415687 0.5011671644309482 0
719 0.03807235461759228 0.1875000000002885 0
720 0.03847290678024501 0.8125000000001301 0
721 4.740788761359171 0.2888725315222276 0
722 4.930152477057124 0.3124999999992312 0
723 0.219213958986898 0.2755653043196809 0
724 0.1884429487161849 0.3417418866970587 0
725 4.80393097389184 0.7073610755827975 0
726 2.297398079329893 0.3699085067702592 0
727 2.251630307939639 0.4383836710443927 0
728 2.352659805191835 0.431524835725872 0
729 0.193994702788618 0.8810332097138687 0
730 0.1519719660499213 0.8276476013877636 0
731 1.869420634499641 0.8575468209029777 0
732 1.873311188026392 0.1366488556566 0
733 0.5844382006272531 0.5437741009352999 0
734 2.545367821254942 0.8413399628357243 0
735 2.547325843412045 0.1711284409211652 0
736 1.213591616766584 0.7921436947697053 0
737 1.229298245407733 0.2753016633119517 0
738 1.214083916706098 0.2079903885389992 0
739 0.1800907394036196 0.4005058331316473 0
740 0.2448103908534046 0.3844709806786919 0
741 0.2378681351426352 0.2262099477157502 0
742 2.410053690080899 0.495100694383387 0
743 2.466348434600193 0.5671472700802092 0
744 2.455821461471152 0.4266255301092535 0
745 0.3602738390000038 0.3509317213910317 0
746 0.2970558126082533 0.3658351942642612 0
747 0.3163806265577205 0.310803561370874 0
748 0.4054169452442699 0.6212290913342535 0
749 2.536676537353215 0.5891449989232421 0
750 0.186277108814618 0.4689575523363608 0
751 2.807803268785768 0.3728511533558089 0
752 2.761594696498688 0.4374634926565406 0
753 2.859591995177992 0.4353876606993627 0
754 0.2268205380068114 0.6161884318676972 0
755 0.2707732336511795 0.5926062045599678 0
756 1.194432726156874 0.4021332786650417 0
757 1.272956885019314 0.4600610445471 0
758 0.288703603295688 0.4245991406988497 0
759 2.965037247974204 0.4308705849995226 0
760 2.918828675687124 0.4954829243002542 0
761 2.973858933747835 0.5556920728345276 0
762 0.3634722928687094 0.5999864510272034 0
763 0.5370243505878396 0.5549692973058646 0
764 0.3716360603478917 0.4940108143051342 0
765 0.3318318467262083 0.459727943580706 0
766 0.3807532386722201 0.4402462250088471 0
767 3.046499251394621 0.5939998003105516 0
768 0.3661365726219823 0.5432947987652076 0
769 1.328423386529973 0.374040708874159 0
770 1.273058297562236 0.3139878576647807 0
771 0.09922276378538408 0.1723286132280482 0
772 0.320050388648607 0.5701841851389888 0
773 0.09824660373262587 0.8276476013877636 0
774 0.1746395381571782 0.5951912448646359 0
775 4.829908838248226 0.2881018327145032 0
776 0.2718167763217072 0.2763516776401728 0
777 0.2734375134044523 0.535914552297972 0
778 0.1801281972477107 0.5265083746391961 0
779 0.3870758100008468 0.394439900762818 0
780 0.2795864249713596 0.4783637299951368 0
781 0.230309269973932 0.5007857494161158 0
782 1.214468417791192 0.3397448519647987 0
$EndNodes
$Elements
422
1 8 2 100 1 1 11 18
2 8 2 100 1 11 12 19
3 8 2 100 1 12 13 20
4 8 2 100 1 13 14 21
5 8 2 100 1 14 15 22
6 8 2 100 1 15 16 23
7 8 2 100 1 16 17 24
8 8 2 100 1 17 2 25
9 8 2 100 2 2 26 40
10 8 2 100 2 26 27 41
11 8 2 100 2 27 28 42
12 8 2 100 2 28 29 43
13 8 2 100 2 29 30 44
14 8 2 100 2 30 31 45
15 8 2 100 2 31 32 46
16 8 2 100 2 32 33 47
17 8 2 100 2 33 34 48
18 8 2 100 2 34 35 49
19 8 2 100 2 35 36 50
20 8 2 100 2 36 37 51
21 8 2 100 2 37 38 52
22 8 2 100 2 38 39 53
23 8 2 100 2 39 3 54
24 8 2 200 3 3 55 58
25 8 2 200 3 55 56 59
26 8 2 200 3 56 57 60
27 8 2 200 3 57 4 61
28 8 2 300 4 4 62 76
29 8 2 300 4 62 63 77
30 8 2 300 4 63 64 78
31 8 2 300 4 64 65 79
32 8 2 300 4 65 66 80
33 8 2 300 4 66 67 81
34 8 2 300 4 67 68 82
35 8 2 300 4 68 69 83
36 8 2 300 4 69 70 84
37 8 2 300 4 70 71 85
38 8 2 300 4 71 72 86
39 8 2 300 4 72 73 87
40 8 2 300 4 73 74 88
41 8 2 300 4 74 75 89
42 8 2 300 4 75 5 90
43 8 2 300 5 5 91 98
44 8 2 300 5 91 92 99
45 8 2 300 5 92 93 100
46 8 2 300 5 93 94 101
47 8 2 300 5 94 95 102
48 8 2 300 5 95 96 103
49 8 2 300 5 96 97 104
50 8 2 300 5 97 6 105
51 8 2 500 6 7 106 108
52 8 2 500 6 106 107 109
53 8 2 500 6 107 8 110
54 8 2 600 7 8 111 113
55 8 2 600 7 111 112 114
56 8 2 600 7 112 7 115
57 8 2 400 8 6 116 117
58 8 2 400 8 116 9 118
59 8 2 400 9 9 119 120
60 8 2 400 9 119 10 121
61 8 2 400 10 10 122 123
62 8 2 400 10 122 1 124
63 9 2 10 12 242 125 148 274 275 276
64 9 2 10 12 14 140 199 277 278 279
65 9 2 10 12 138 210 159 280 281 282
66 9 2 10 12 133 216 171 283 284 285
67 9 2 10 12 133 172 216 286 287 283
68 9 2 10 12 126 159 210 288 281 289
69 9 2 10 12 161 171 216 290 284 291
70 9 2 10 12 162 216 172 292 287 293
71 9 2 10 12 125 242 192 274 294 295
72 9 2 10 12 148 125 207 275 296 297
73 9 2 10 12 62 63 165 77 298 299
74 9 2 10 12 94 211 137 300 301 302
75 9 2 10 12 134 161 216 303 291 304
76 9 2 10 12 134 216 162 304 292 305
77 9 2 10 12 126 222 159 306 307 288
78 9 2 10 12 31 32 169 46 308 309
79 9 2 10 12 69 70 168 84 310 311
80 9 2 10 12 32 247 169 312 313 308
81 9 2 10 12 69 168 248 311 314 315
82 9 2 10 12 138 159 202 282 316 317
83 9 2 10 12 130 177 153 318 319 320
84 9 2 10 12 182 217 254 321 322 323
85 9 2 10 12 134 178 161 324 325 303
86 9 2 10 12 134 162 179 305 326 327
87 9 2 10 12 140 241 153 328 329 330
88 9 2 10 12 63 183 165 331 332 298
89 9 2 10 12 134 232 178 333 334 324
90 9 2 10 12 134 179 232 327 335 333
91 9 2 10 12 130 153 251 320 336 337
92 9 2 10 12 94 137 190 302 338 339
93 9 2 10 12 151 169 247 340 313 341
94 9 2 10 12 150 248 168 342 314 343
95 9 2 10 12 140 156 245 344 345 346
96 9 2 10 12 163 178 232 347 334 348
97 9 2 10 12 164 232 179 349 335 350
98 9 2 10 12 137 249 157 351 352 353
99 9 2 10 12 135 182 254 354 323 355
100 9 2 10 12 135 232 164 356 349 357
101 9 2 10 12 135 163 232 358 348 356
102 9 2 10 12 14 191 140 359 360 277
103 9 2 10 12 139 215 180 361 362 363
104 9 2 10 12 154 254 217 364 322 365
105 9 2 10 12 9 119 170 120 366 367
106 9 2 10 12 180 215 210 362 368 369
107 9 2 10 12 135 164 182 357 370 354
108 9 2 10 12 135 183 163 371 372 358
109 9 2 10 12 141 230 166 373 374 375
110 9 2 10 12 33 34 172 48 376 377
111 9 2 10 12 67 68 171 82 378 379
112 9 2 10 12 7 173 106 380 381 108
113 9 2 10 12 10 197 119 382 383 121
114 9 2 10 12 13 14 199 21 279 384
115 9 2 10 12 66 259 178 385 386 387
116 9 2 10 12 35 179 260 388 389 390
117 9 2 10 12 127 166 230 391 374 392
118 9 2 10 12 160 215 203 393 394 395
119 9 2 10 12 150 168 256 343 396 397
120 9 2 10 12 151 255 169 398 399 340
121 9 2 10 12 129 156 184 400 401 402
122 9 2 10 12 92 185 189 403 404 405
123 9 2 10 12 16 188 184 406 407 408
124 9 2 10 12 128 185 157 409 410 411
125 9 2 10 12 65 66 178 80 387 412
126 9 2 10 12 35 36 179 50 413 388
127 9 2 10 12 139 203 215 414 394 361
128 9 2 10 12 129 243 156 415 416 400
129 9 2 10 12 72 212 166 417 418 419
130 9 2 10 12 29 167 213 420 421 422
131 9 2 10 12 72 166 219 419 423 424
132 9 2 10 12 29 218 167 425 426 420
133 9 2 10 12 33 172 247 377 427 428
134 9 2 10 12 68 248 171 429 430 378
135 9 2 10 12 92 93 185 100 431 403
136 9 2 10 12 8 107 175 110 432 433
137 9 2 10 12 161 178 259 325 386 434
138 9 2 10 12 162 260 179 435 389 326
139 9 2 10 12 15 16 184 23 408 436
140 9 2 10 12 128 157 240 411 437 438
141 9 2 10 12 140 153 199 330 439 278
142 9 2 10 12 140 191 156 360 440 344
143 9 2 10 12 8 176 111 441 442 113
144 9 2 10 12 137 157 190 353 443 338
145 9 2 10 12 62 165 239 299 444 445
146 9 2 10 12 145 246 168 446 447 448
147 9 2 10 12 141 166 212 375 418 449
148 9 2 10 12 150 171 248 450 430 342
149 9 2 10 12 151 247 172 341 427 451
150 9 2 10 12 127 238 166 452 453 391
151 9 2 10 12 12 13 177 20 454 455
152 9 2 10 12 140 193 241 456 457 328
153 9 2 10 12 137 211 186 301 458 459
154 9 2 10 12 64 271 183 460 461 462
155 9 2 10 12 37 182 272 463 464 465
156 9 2 10 12 154 208 254 466 467 364
157 9 2 10 12 132 168 246 468 447 469
158 9 2 10 12 13 199 177 384 470 454
159 9 2 10 12 165 183 254 332 471 472
160 9 2 10 12 5 91 194 98 473 474
161 9 2 10 12 2 195 17 475 476 25
162 9 2 10 12 135 254 183 355 471 371
163 9 2 10 12 140 245 193 346 477 456
164 9 2 10 12 163 183 271 372 461 478
165 9 2 10 12 164 272 182 479 464 370
166 9 2 10 12 63 64 183 78 462 331
167 9 2 10 12 37 38 182 52 480 463
168 9 2 10 12 94 95 211 102 481 300
169 9 2 10 12 7 224 173 482 483 380
170 9 2 10 12 156 243 175 416 484 485
171 9 2 10 12 152 267 170 486 487 488
172 9 2 10 12 136 186 211 489 458 490
173 9 2 10 12 136 158 186 491 492 489
174 9 2 10 12 9 170 267 367 487 493
175 9 2 10 12 143 243 181 494 495 496
176 9 2 10 12 145 168 221 448 497 498
177 9 2 10 12 3 226 39 499 500 54
178 9 2 10 12 157 176 240 501 502 437
179 9 2 10 12 91 268 194 503 504 473
180 9 2 10 12 17 195 269 476 505 506
181 9 2 10 12 137 196 249 507 508 351
182 9 2 10 12 132 256 168 509 396 468
183 9 2 10 12 3 55 226 58 510 499
184 9 2 10 12 70 221 168 511 497 310
185 9 2 10 12 31 169 220 309 512 513
186 9 2 10 12 142 236 187 514 515 516
187 9 2 10 12 150 265 171 517 518 450
188 9 2 10 12 152 170 264 488 519 520
189 9 2 10 12 95 225 211 521 522 481
190 9 2 10 12 112 186 253 523 524 525
191 9 2 10 12 153 173 251 526 527 336
192 9 2 10 12 151 172 273 451 528 529
193 9 2 10 12 131 174 264 530 531 532
194 9 2 10 12 187 236 230 515 533 534
195 9 2 10 12 129 181 243 535 495 415
196 9 2 10 12 165 254 208 472 467 536
197 9 2 10 12 133 171 265 285 518 537
198 9 2 10 12 136 214 158 538 539 491
199 9 2 10 12 161 259 171 434 540 290
200 9 2 10 12 162 172 260 293 541 435
201 9 2 10 12 153 177 199 319 470 439
202 9 2 10 12 67 171 259 379 540 542
203 9 2 10 12 34 260 172 543 541 376
204 9 2 10 12 28 29 213 43 422 544
205 9 2 10 12 72 73 212 87 545 417
206 9 2 10 12 148 207 194 297 546 547
207 9 2 10 12 149 195 206 548 549 550
208 9 2 10 12 106 193 107 551 552 109
209 9 2 10 12 144 173 224 553 483 554
210 9 2 10 12 71 72 219 86 424 555
211 9 2 10 12 29 30 218 44 556 425
212 9 2 10 12 129 184 188 402 407 557
213 9 2 10 12 1 11 229 18 558 559
214 9 2 10 12 133 273 172 560 528 286
215 9 2 10 12 6 231 97 561 562 105
216 9 2 10 12 128 189 185 563 404 409
217 9 2 10 12 154 258 208 564 565 466
218 9 2 10 12 27 28 205 42 566 567
219 9 2 10 12 73 74 204 88 568 569
220 9 2 10 12 138 194 207 570 546 571
221 9 2 10 12 139 206 195 572 549 573
222 9 2 10 12 130 252 177 574 575 318
223 9 2 10 12 112 196 186 576 577 523
224 9 2 10 12 143 181 192 496 578 579
225 9 2 10 12 131 214 174 580 581 530
226 9 2 10 12 125 192 181 295 578 582
227 9 2 10 12 111 196 112 583 576 114
228 9 2 10 12 95 96 225 103 584 521
229 9 2 10 12 5 202 75 585 586 90
230 9 2 10 12 2 26 203 40 587 588
231 9 2 10 12 119 197 261 383 589 590
232 9 2 10 12 6 116 231 117 591 561
233 9 2 10 12 1 229 122 559 592 124
234 9 2 10 12 146 257 198 593 594 595
235 9 2 10 12 106 173 241 381 596 597
236 9 2 10 12 198 257 246 594 598 599
237 9 2 10 12 136 211 225 490 522 600
238 9 2 10 12 93 94 190 101 339 601
239 9 2 10 12 14 15 191 22 602 359
240 9 2 10 12 159 222 204 307 603 604
241 9 2 10 12 160 205 223 605 606 607
242 9 2 10 12 4 62 239 76 445 608
243 9 2 10 12 5 194 202 474 609 585
244 9 2 10 12 2 203 195 588 610 475
245 9 2 10 12 157 185 190 410 611 443
246 9 2 10 12 156 191 184 440 612 401
247 9 2 10 12 136 174 214 613 581 538
248 9 2 10 12 152 264 174 520 531 614
249 9 2 10 12 8 175 228 433 615 616
250 9 2 10 12 28 213 205 544 617 566
251 9 2 10 12 73 204 212 569 618 545
252 9 2 10 12 141 204 222 619 603 620
253 9 2 10 12 142 223 205 621 606 622
254 9 2 10 12 146 220 257 623 624 593
255 9 2 10 12 169 257 220 625 624 512
256 9 2 10 12 164 179 272 350 626 479
257 9 2 10 12 163 271 178 478 627 347
258 9 2 10 12 125 206 180 628 629 630
259 9 2 10 12 125 180 207 630 631 296
260 9 2 10 12 142 213 236 632 633 514
261 9 2 10 12 137 186 196 459 577 507
262 9 2 10 12 138 207 180 571 631 634
263 9 2 10 12 139 180 206 363 629 572
264 9 2 10 12 38 39 217 53 635 636
265 9 2 10 12 160 203 263 395 637 638
266 9 2 10 12 159 262 202 639 640 316
267 9 2 10 12 8 228 176 616 641 441
268 9 2 10 12 36 272 179 642 626 413
269 9 2 10 12 65 178 271 412 627 643
270 9 2 10 12 155 229 200 644 645 646
271 9 2 10 12 107 245 175 647 648 432
272 9 2 10 12 152 174 209 614 649 650
273 9 2 10 12 167 236 213 651 633 421
274 9 2 10 12 4 239 57 608 652 61
275 9 2 10 12 138 180 210 634 369 280
276 9 2 10 12 93 190 185 601 611 431
277 9 2 10 12 111 176 249 442 653 654
278 9 2 10 12 143 192 240 579 655 656
279 9 2 10 12 158 253 186 657 524 492
280 9 2 10 12 15 184 191 436 612 602
281 9 2 10 12 148 194 268 547 504 658
282 9 2 10 12 11 12 200 19 659 660
283 9 2 10 12 149 269 195 661 505 548
284 9 2 10 12 151 273 201 529 662 663
285 9 2 10 12 16 17 269 24 506 664
286 9 2 10 12 56 57 208 60 665 666
287 9 2 10 12 91 92 268 99 667 503
288 9 2 10 12 136 225 174 600 668 613
289 9 2 10 12 70 71 221 85 669 511
290 9 2 10 12 30 31 220 45 513 670
291 9 2 10 12 144 251 173 671 527 553
292 9 2 10 12 201 273 265 662 672 673
293 9 2 10 12 96 97 209 104 674 675
294 9 2 10 12 160 223 215 607 676 393
295 9 2 10 12 126 215 223 677 676 678
296 9 2 10 12 138 202 194 317 609 570
297 9 2 10 12 139 195 203 573 610 414
298 9 2 10 12 175 243 228 484 679 615
299 9 2 10 12 128 240 192 438 655 680
300 9 2 10 12 119 261 170 590 681 366
301 9 2 10 12 16 269 188 664 682 406
302 9 2 10 12 92 189 268 405 683 667
303 9 2 10 12 126 210 215 289 368 677
304 9 2 10 12 158 235 224 684 685 686
305 9 2 10 12 12 177 200 455 687 659
306 9 2 10 12 38 217 182 636 321 480
307 9 2 10 12 39 226 217 500 688 635
308 9 2 10 12 126 187 222 689 690 306
309 9 2 10 12 126 223 187 678 691 689
310 9 2 10 12 141 212 204 449 618 619
311 9 2 10 12 142 205 213 622 617 632
312 9 2 10 12 177 252 200 575 692 687
313 9 2 10 12 144 224 235 554 685 693
314 9 2 10 12 56 208 258 666 565 694
315 9 2 10 12 128 242 189 695 696 563
316 9 2 10 12 129 188 244 557 697 698
317 9 2 10 12 129 244 181 698 699 535
318 9 2 10 12 167 218 237 426 700 701
319 9 2 10 12 166 238 219 453 702 423
320 9 2 10 12 176 228 240 641 703 502
321 9 2 10 12 141 222 187 620 690 704
322 9 2 10 12 142 187 223 516 691 621
323 9 2 10 12 146 237 218 705 700 706
324 9 2 10 12 145 219 238 707 702 708
325 9 2 10 12 155 197 266 709 710 711
326 9 2 10 12 68 69 248 83 315 429
327 9 2 10 12 32 33 247 47 428 312
328 9 2 10 12 66 67 259 81 542 385
329 9 2 10 12 34 35 260 49 390 543
330 9 2 10 12 74 75 262 89 712 713
331 9 2 10 12 26 27 263 41 714 715
332 9 2 10 12 36 37 272 51 465 642
333 9 2 10 12 64 65 271 79 643 460
334 9 2 10 12 174 225 209 668 716 649
335 9 2 10 12 153 241 173 329 596 526
336 9 2 10 12 141 187 230 704 534 373
337 9 2 10 12 10 266 197 717 710 382
338 9 2 10 12 143 228 243 718 679 494
339 9 2 10 12 10 122 266 123 719 717
340 9 2 10 12 11 200 229 660 645 558
341 9 2 10 12 9 267 116 493 720 118
342 9 2 10 12 26 263 203 715 637 587
343 9 2 10 12 75 202 262 586 640 712
344 9 2 10 12 154 217 226 365 688 721
345 9 2 10 12 106 241 193 597 457 551
346 9 2 10 12 55 56 258 59 694 722
347 9 2 10 12 155 227 197 723 724 709
348 9 2 10 12 107 193 245 552 477 647
349 9 2 10 12 165 208 239 536 725 444
350 9 2 10 12 167 237 236 701 726 651
351 9 2 10 12 127 236 237 727 726 728
352 9 2 10 12 152 209 231 650 729 730
353 9 2 10 12 159 204 262 604 731 639
354 9 2 10 12 160 263 205 638 732 605
355 9 2 10 12 7 112 253 115 525 733
356 9 2 10 12 74 262 204 713 731 568
357 9 2 10 12 27 205 263 567 732 714
358 9 2 10 12 71 219 221 555 734 669
359 9 2 10 12 30 220 218 670 735 556
360 9 2 10 12 111 249 196 654 508 583
361 9 2 10 12 143 240 228 656 703 718
362 9 2 10 12 148 189 242 736 696 276
363 9 2 10 12 149 244 188 737 697 738
364 9 2 10 12 96 209 225 675 716 584
365 9 2 10 12 147 197 227 739 724 740
366 9 2 10 12 155 200 252 646 692 741
367 9 2 10 12 128 192 242 680 294 695
368 9 2 10 12 156 175 245 485 648 345
369 9 2 10 12 127 198 238 742 743 452
370 9 2 10 12 127 237 198 728 744 742
371 9 2 10 12 130 234 227 745 746 747
372 9 2 10 12 158 214 235 539 748 684
373 9 2 10 12 127 230 236 392 533 727
374 9 2 10 12 145 238 198 708 743 749
375 9 2 10 12 146 198 237 595 744 705
376 9 2 10 12 146 218 220 706 735 623
377 9 2 10 12 145 221 219 498 734 707
378 9 2 10 12 157 249 176 352 653 501
379 9 2 10 12 145 198 246 749 599 446
380 9 2 10 12 148 268 189 658 683 736
381 9 2 10 12 147 261 197 750 589 739
382 9 2 10 12 169 255 257 399 751 625
383 9 2 10 12 132 257 255 752 751 753
384 9 2 10 12 131 264 250 532 754 755
385 9 2 10 12 149 188 269 738 682 661
386 9 2 10 12 125 181 270 582 756 757
387 9 2 10 12 147 227 234 740 746 758
388 9 2 10 12 57 239 208 652 725 665
389 9 2 10 12 132 255 201 753 759 760
390 9 2 10 12 132 201 256 760 761 509
391 9 2 10 12 131 235 214 762 748 580
392 9 2 10 12 7 253 224 733 763 482
393 9 2 10 12 144 233 234 764 765 766
394 9 2 10 12 150 256 201 397 761 767
395 9 2 10 12 151 201 255 663 759 398
396 9 2 10 12 144 235 233 693 768 764
397 9 2 10 12 149 206 270 550 769 770
398 9 2 10 12 150 201 265 767 673 517
399 9 2 10 12 97 231 209 562 729 674
400 9 2 10 12 155 266 229 711 771 644
401 9 2 10 12 132 246 257 469 598 752
402 9 2 10 12 131 233 235 772 768 762
403 9 2 10 12 125 270 206 757 769 628
404 9 2 10 12 152 231 267 730 773 486
405 9 2 10 12 122 229 266 592 771 719
406 9 2 10 12 116 267 231 720 773 591
407 9 2 10 12 170 250 264 774 754 519
408 9 2 10 12 133 265 273 537 672 560
409 9 2 10 12 55 258 226 722 775 510
410 9 2 10 12 130 227 252 747 776 574
411 9 2 10 12 131 250 233 755 777 772
412 9 2 10 12 170 261 250 681 778 774
413 9 2 10 12 154 226 258 721 775 564
414 9 2 10 12 144 234 251 766 779 671
415 9 2 10 12 155 252 227 741 776 723
416 9 2 10 12 147 234 233 758 765 780
417 9 2 10 12 130 251 234 337 779 745
418 9 2 10 12 147 250 261 781 778 750
419 9 2 10 12 158 224 253 686 763 657
420 9 2 10 12 147 233 250 780 777 781
421 9 2 10 12 181 244 270 699 782 756
422 9 2 10 12 149 270 244 770 782 737
$EndElements
