$MeshFormat
2.2 0 8
$EndMeshFormat
$Nodes
1375
1 0 0 0
2 5 0 0
3 5 1 0
4 0 1 0
5 0.6 0.51 0
6 0.8 0.51 0
7 0 0.7 0
8 0 0.3 0
9 0.1999999999998339 0 0
10 0.3999999999996643 0 0
11 0.5999999999995166 0 0
12 0.7999999999989961 0 0
13 0.9999999999984124 0 0
14 1.199999999997829 0 0
15 1.399999999997245 0 0
16 1.599999999996661 0 0
17 1.799999999996077 0 0
18 1.999999999995511 0 0
19 2.199999999995745 0 0
20 2.399999999996049 0 0
21 2.599999999996353 0 0
22 2.799999999996657 0 0
23 2.999999999996961 0 0
24 3.199999999997265 0 0
25 3.399999999997569 0 0
26 3.599999999997873 0 0
27 3.799999999998176 0 0
28 3.999999999998481 0 0
29 4.199999999998784 0 0
30 4.399999999999088 0 0
31 4.599999999999393 0 0
32 4.799999999999696 0 0
33 0.09999999999992403 0 0
34 0.2999999999997174 0 0
35 0.4999999999995913 0 0
36 0.6999999999992745 0 0
37 0.8999999999986968 0 0
38 1.099999999998105 0 0
39 1.299999999997512 0 0
40 1.499999999996937 0 0
41 1.699999999996361 0 0
42 1.899999999995798 0 0
43 2.099999999995567 0 0
44 2.29999999999587 0 0
45 2.499999999995886 0 0
46 2.699999999996505 0 0
47 2.899999999996937 0 0
48 3.099999999997218 0 0
49 3.299999999997425 0 0
50 3.499999999997529 0 0
51 3.699999999997995 0 0
52 3.899999999998521 0 0
53 4.099999999998615 0 0
54 4.299999999998784 0 0
55 4.499999999999433 0 0
56 4.699999999999625 0 0
57 4.899999999999789 0 0
58 5 0.1999999999995579 0
59 5 0.3999999999989749 0
60 5 0.5999999999989468 0
61 5 0.7999999999994734 0
62 5 0.09999999999981678 0
63 5 0.2999999999992664 0
64 5 0.4999999999986832 0
65 5 0.6999999999992101 0
66 5 0.8999999999997367 0
67 4.8 1 0
68 4.6 1 0
69 4.399999999999999 1 0
70 4.199999999999998 1 0
71 3.999999999999999 1 0
72 3.799999999999999 1 0
73 3.599999999999999 1 0
74 3.399999999999999 1 0
75 3.199999999999998 1 0
76 2.999999999999999 1 0
77 2.799999999999999 1 0
78 2.599999999999999 1 0
79 2.4 1 0
80 2.199999999999999 1 0
81 2 1 0
82 1.799999999999999 1 0
83 1.599999999999999 1 0
84 1.399999999999999 1 0
85 1.199999999999999 1 0
86 0.9999999999999991 1 0
87 0.7999999999999998 1 0
88 0.5999999999999996 1 0
89 0.3999999999999995 1 0
90 0.1999999999999993 1 0
91 4.900000000000129 1 0
92 4.700000000000175 1 0
93 4.499999999999743 1 0
94 4.299999999999698 1 0
95 4.099999999999872 1 0
96 3.899999999999991 1 0
97 3.700000000000022 1 0
98 3.499999999999961 1 0
99 3.299999999999894 1 0
100 3.100000000000016 1 0
101 2.900000000000007 1 0
102 2.69999999999995 1 0
103 2.500000000000341 1 0
104 2.299999999999983 1 0
105 2.099999999999989 1 0
106 1.900000000000015 1 0
107 1.699999999999982 1 0
108 1.500000000000046 1 0
109 1.299999999999951 1 0
110 1.100000000000023 1 0
111 0.9000000000000146 1 0
112 0.6999999999999176 1 0
113 0.5000000000000107 1 0
114 0.3000000000000815 1 0
115 0.09999999999991793 1 0
116 0 0.8914077468539234 0
117 0 0.8092346924635517 0
118 0 0.7470533567065958 0
119 0 0.9457038734268827 0
120 0 0.8503212196589149 0
121 0 0.7781440245850404 0
122 0 0.7235266783533549 0
123 0.6099031132096487 0.4666116260884712 0
124 0.6376510198139214 0.4318168517533607 0
125 0.6777479066040598 0.4125072087818881 0
126 0.7222520933953905 0.4125072087817627 0
127 0.7623489801857641 0.43181685175311 0
128 0.7900968867902449 0.4666116260882506 0
129 0.6025072087817781 0.4877479066045417 0
130 0.6218168517530165 0.447651019814353 0
131 0.6566116260878955 0.419903113209926 0
132 0.6999999999996454 0.41 0
133 0.7433883739116098 0.4199031132096879 0
134 0.7781831482467642 0.4476510198140781 0
135 0.7974927912181897 0.4877479066044011 0
136 0.7900968867902758 0.5533883739116857 0
137 0.7623489801860933 0.5881831482466277 0
138 0.7222520933960096 0.6074927912180962 0
139 0.6777479066046502 0.6074927912182467 0
140 0.6376510198142955 0.5881831482469377 0
141 0.6099031132097639 0.5533883739117681 0
142 0.7974927912181909 0.5322520933955941 0
143 0.7781831482469216 0.5723489801857247 0
144 0.7433883739120661 0.6000968867900925 0
145 0.7000000000003013 0.6100000000000001 0
146 0.6566116260884364 0.6000968867903346 0
147 0.6218168517532335 0.5723489801859193 0
148 0.6025072087818268 0.5322520933956721 0
149 0 0.6500000000001003 0
150 0 0.6000000000002439 0
151 0 0.5500000000003877 0
152 0 0.5000000000005315 0
153 0 0.450000000000404 0
154 0 0.4000000000002657 0
155 0 0.3500000000001274 0
156 0 0.6750000000000243 0
157 0 0.6250000000001721 0
158 0 0.5750000000003158 0
159 0 0.5250000000004595 0
160 0 0.4750000000004331 0
161 0 0.4250000000003379 0
162 0 0.3750000000002243 0
163 0 0.3250000000000585 0
164 0 0.2529466432935131 0
165 0 0.1907653075369072 0
166 0 0.1085922531465075 0
167 0 0.2764733216467685 0
168 0 0.2218559754152102 0
169 0 0.1496787803418151 0
170 0 0.0542961265731772 0
171 0.3255093867581299 0.3184794396398267 0
172 0.304419579724111 0.6745352946846204 0
173 1.173257975692179 0.3791447814696648 0
174 0.1928325013351463 0.5250000000004594 0
175 0.4895984874226523 0.6777896072614359 0
176 0.4050534466476612 0.5010645524537659 0
177 0.4941092624566247 0.341738993261364 0
178 1.036145547617655 0.5837126594686752 0
179 0.9752900662000015 0.2796243334648492 0
180 0.1611269152324002 0.7235266783532974 0
181 0.1766872791246701 0.2731562968853817 0
182 1.669713477032829 0.5130147080035987 0
183 4.462697116492051 0.479938788388731 0
184 3.902249768754488 0.4975133515522525 0
185 3.299999999999998 0.5000000000002423 0
186 2.711494372482206 0.4529098593208045 0
187 2.187254334425751 0.5082703886207576 0
188 0.136611295048426 0.4056995683786452 0
189 0.6897067366314604 0.1824454368640939 0
190 0.6070120607549945 0.3169085545360088 0
191 0.6028873797997705 0.7100200175756251 0
192 0.8344649786549614 0.7892194052642817 0
193 0.4991228911285878 0.552598696766277 0
194 0.9455067942300731 0.4539646762985492 0
195 0.113136795777338 0.6267453208730311 0
196 1.33683789853899 0.6836673459472583 0
197 0.7978395747039018 0.2994880648440798 0
198 0.2788088642733084 0.4469149829491717 0
199 0.130222026710944 0.8506323277069451 0
200 0.2872123054001508 0.8287537206696645 0
201 0.1302741384985939 0.1603616022221565 0
202 0.2749451011011231 0.1885337013905496 0
203 0.8850916231112432 0.6576056439357236 0
204 0.5102390697022913 0.4411921332132424 0
205 0.2156236960491053 0.6290835748300447 0
206 0.3065508222781144 0.5606192253310612 0
207 0.09853349455796023 0.5314428634866348 0
208 0.08713073380936126 0.327497748122627 0
209 0.4064285075604593 0.6089923722981369 0
210 3.600000000000021 0.6600000000000622 0
211 4.189792414165998 0.6547784799145578 0
212 2.999999999999974 0.3400000000000918 0
213 1.043878753762023 0.7942287377228412 0
214 0.4321314836938502 0.2085759380725412 0
215 1.466252076000624 0.3055865589439302 0
216 3.605486493013645 0.3379851843068461 0
217 4.198109446065119 0.3374120592770437 0
218 3.005486493014595 0.6620148156934238 0
219 0.8588881705065046 0.3841613731933929 0
220 0.7008597190162172 0.3191990812812345 0
221 0.7000000000006382 0.6983875701632616 0
222 0.224115721224896 0.3590360336191859 0
223 0.5615671899116747 0.6286451267426877 0
224 0.07884585322483832 0.7235266783532974 0
225 2.440477128586162 0.3157137228481055 0
226 2.443937364953959 0.6576879357493888 0
227 0.4034295398122579 0.3983540242827299 0
228 0.08877054905817257 0.2189643690281509 0
229 1.932457564922342 0.6992447630510439 0
230 1.90768406531686 0.2968908202387741 0
231 0.8990877018472263 0.5543162496578915 0
232 0.4024261740723719 0.7821592254416163 0
233 0.5624362371287646 0.40384390386244 0
234 4.712500000000102 0.2875000000002255 0
235 4.729551617293558 0.6979966356261526 0
236 0.5293942034896775 0.7955966754358246 0
237 0.6563849172129224 0.8403514074656089 0
238 0.7769715413685229 0.6741647025700981 0
239 0.2099375255657258 0.4405224386927139 0
240 0.07471515529095366 0.4529724851386954 0
241 1.588786963578512 0.7416976320419565 0
242 0.5544972135499574 0.2009199893942902 0
243 1.153684330459788 0.2201734265205662 0
244 0.2499923095751492 0.2806067380971672 0
245 0.2537411687599387 0.7036207762834712 0
246 2.703484080930862 0.2246221383171053 0
247 3.899999999999998 0.7600000000000798 0
248 3.30269084544852 0.7777007820101255 0
249 3.29999999999742 0.2400000000000957 0
250 3.90109843092567 0.2346444128355404 0
251 2.707116546681804 0.8064331664816434 0
252 4.439552238805802 0.7479104477612892 0
253 4.460416666666562 0.2479166666667062 0
254 1.697603691737148 0.2117319839313803 0
255 2.174562300987882 0.7506062194272101 0
256 2.186399460497808 0.2223385504885343 0
257 0.06559346667299626 0.3769436669462961 0
258 1.389239320782513 0.495349536120415 0
259 0.8687136054326 0.4714922205191803 0
260 0.1369804747992112 0.4740229416630179 0
261 0.8890649347951906 0.1511753007599288 0
262 0.0504996511002173 0.5699891811775727 0
263 0.06806549973231071 0.6749767588519204 0
264 0.5293472867139071 0.504437172866446 0
265 1.206701383559407 0.5508383105001926 0
266 0.1438140872848973 0.5691342044091303 0
267 0.7723719319025983 0.3597181348922341 0
268 4.798235503792315 0.5084735679038747 0
269 0.1531272995848481 0.3406203415393306 0
270 0.2617386140062317 0.5132089501605732 0
271 0.04866983399288375 0.7711276269508702 0
272 0.1199863842286193 0.7773936432798319 0
273 0.3326604455009084 0.5045389927611255 0
274 0.8258774858419826 0.6097047446882926 0
275 0.631882726301216 0.373957892944379 0
276 0.3931568444259329 0.2937413795178661 0
277 0.1556204287400483 0.6692391145517781 0
278 0.6330555460487344 0.6490115910125538 0
279 0.4683605081276994 0.5008963957646315 0
280 0.555088876352671 0.5555501603467952 0
281 0.2389497281459833 0.5700455579929248 0
282 0.3886351992169056 0.6904052464610826 0
283 0.2773642618180936 0.6180090856977254 0
284 1.045125496033349 0.3896720835155227 0
285 0.09960840313221839 0.9128836741301757 0
286 0.09988471863401163 0.0902134086041981 0
287 1.295919842260398 0.2719143627826388 0
288 0.3286391508757685 0.3873258452726509 0
289 0.3720063896213637 0.5571197527804286 0
290 0.4375979282641063 0.5551953637035788 0
291 0.4414397796205056 0.4432922626374631 0
292 0.05244102837254337 0.2753546966595565 0
293 0.4708241598848029 0.6100819468180276 0
294 1.225582720215057 0.8267122884060881 0
295 1.880987100447687 0.4938811846500564 0
296 3.499977554974528 0.1794806543984411 0
297 4.100437248437649 0.1779578184527061 0
298 2.911901628279021 0.8266736412050013 0
299 3.512948036529039 0.4966410248464157 0
300 4.110392225857835 0.4952608092524979 0
301 2.914863765276422 0.4955106183738511 0
302 0.3425674600365079 0.618280162875509 0
303 2.90745777882092 0.182578084774263 0
304 3.507325572908764 0.8178090686134925 0
305 3.700593918739089 0.8177165517994277 0
306 4.098689402831129 0.8152081971260136 0
307 3.100609657536537 0.182329537889645 0
308 0.2005706783495382 0.7962954702391434 0
309 1.772777485368728 0.8067544620521345 0
310 0.04366658964664627 0.5231156185063627 0
311 2.367402472323528 0.4922412162370301 0
312 0.1115451712772381 0.6809055213055884 0
313 0.5680815520509404 0.468117669653133 0
314 3.694697242402298 0.5001571309002604 0
315 4.277846698844922 0.4947778975039148 0
316 3.10733333333333 0.5000000000000768 0
317 0.3650052044550683 0.4469151100594844 0
318 0.2002636815997845 0.205871302062017 0
319 3.099961406149393 0.8190261593873793 0
320 3.704866728629702 0.1809024558765741 0
321 0.5453914227661756 0.2790744639563807 0
322 0.2917710166585725 0.7447755186252463 0
323 4.29106045352456 0.174284374329934 0
324 0.3410592342628965 0.2373512194561921 0
325 4.274827631428794 0.8247058409546373 0
326 1.515888243824497 0.577394817669304 0
327 0.03901048858649179 0.3341326852881339 0
328 1.434635630289042 0.8340593760052559 0
329 0.5930906396547295 0.5952573698979933 0
330 1.135733711717058 0.6872555840276129 0
331 0.04507670238795161 0.6215295426855307 0
332 0.2728283909570295 0.3916358248072799 0
333 2.335923466626362 0.8313332408647194 0
334 2.335923466626073 0.1686667591360941 0
335 0.04273744030894646 0.4209479498447009 0
336 2.51401632775829 0.8209090571826674 0
337 2.518185397773531 0.169964241944414 0
338 0.8145022875173933 0.4186874727385943 0
339 0.2051494626925129 0.8865194086446345 0
340 1.107074904644187 0.4905330358583639 0
341 0.06380285307699489 0.838470645416911 0
342 0.4751547092367595 0.3977605542792285 0
343 1.018843183056238 0.1765623983603729 0
344 0.0361801918708859 0.7213801921124494 0
345 0.1849439654554785 0.3949587131702576 0
346 0.8354103775378434 0.5299216192395599 0
347 2.847459999502076 0.3391241401572231 0
348 3.444592890977269 0.6504301750940675 0
349 4.04022476232189 0.6445521675690804 0
350 0.03730781200410495 0.4743670767683397 0
351 1.896110365787498 0.1349924305349471 0
352 0.5522041489812832 0.3439879714705037 0
353 0.231125999313584 0.1123372812993572 0
354 0.03899177951413651 0.2211357107472241 0
355 0.0596535309508191 0.1650054418808574 0
356 4.598056363222811 0.8342568555345529 0
357 4.832916666666558 0.167083333333319 0
358 4.83291666666676 0.8329166666666752 0
359 0.4457504488092469 0.8886512754897215 0
360 2.033118419546212 0.8504151390691086 0
361 0.1424934536842788 0.224642575082778 0
362 0.9943767365050751 0.6835355311172162 0
363 0.5497905791268132 0.6832966231037 0
364 1.47717492968322 0.1423447676350081 0
365 2.527846265824322 0.4707906159482809 0
366 0.1634172554544811 0.612822698515 0
367 3.759508185979179 0.6470774068504166 0
368 3.161588598173451 0.3524659075780303 0
369 0.1449615262650421 0.5246576848074118 0
370 1.768944518270019 0.6509185499597581 0
371 0.7101501178534636 0.3786746698341051 0
372 0.1071447700431719 0.3694694611121425 0
373 0.1167750572723124 0.2767060045529708 0
374 0.1957415302617361 0.3162356597476027 0
375 3.443682416902926 0.3508213727104082 0
376 4.042457424008151 0.3485576902740081 0
377 2.807997232336944 0.6455903501791627 0
378 2.618734685006253 0.6423868308103247 0
379 0.4988381239633291 0.1080558121546431 0
380 1.753309520994672 0.374406931412703 0
381 0.7113485384908524 0.6445201470979622 0
382 4.602628094691234 0.1647324846861713 0
383 3.163094415589167 0.6517483514182496 0
384 3.76167973274516 0.3502405070942947 0
385 1.618580815962333 0.3695952804533659 0
386 1.270187817675827 0.119487314456281 0
387 2.03023300074529 0.562738511753189 0
388 0.9243116029856663 0.8748199713963835 0
389 2.301815987863496 0.6480278001798212 0
390 2.281321240653675 0.3607599351717313 0
391 2.075781861397021 0.3701508235782765 0
392 4.623201285381037 0.4346252502352988 0
393 4.566663491452347 0.6402692301360927 0
394 0.5306977930934698 0.594664590748984 0
395 0.3729417076909331 0.3518477209684374 0
396 1.073240210288311 0.2890354046661951 0
397 0.4346785811423657 0.3439654350002236 0
398 0.09334507431465663 0.5830658458550907 0
399 0.6393478845183417 0.2594917682030833 0
400 0.5998999574947845 0.4286571728829343 0
401 2.056593827692075 0.1461763741248929 0
402 4.872140757550527 0.6878773740390245 0
403 4.868730434091795 0.3126113802471904 0
404 0.7302610768025202 0.7762742620359743 0
405 0.2761444036152098 0.3439433705986706 0
406 0.4716049983437364 0.2794945303212328 0
407 0.7939804547313043 0.2097708162307873 0
408 0.2077900628717135 0.6874421956110539 0
409 0.2552361573617971 0.6615241330506052 0
410 0.8751864886434999 0.2830826659413377 0
411 0.1874270868759203 0.5704004861006968 0
412 0.2165351557370711 0.4836675544245125 0
413 0.9380678085764385 0.366023514975265 0
414 0.8251447721214251 0.4799722394443952 0
415 0.5204956418878827 0.6388955789349672 0
416 0.4541755168917112 0.7302934434953398 0
417 0.520035186203784 0.7271743636628746 0
418 0.439652323586595 0.6588694687113386 0
419 0.1689023887831564 0.4381723283051316 0
420 4.338026076318643 0.346865957233266 0
421 0.02889770266404988 0.3750000000001966 0
422 0.3630166570557412 0.1424756587288805 0
423 0.2179691234351637 0.7329969189009237 0
424 0.07824070525977525 0.4911841971126101 0
425 0.09396376702728423 0.4166760121805829 0
426 0.6437855154611056 0.7641259865352589 0
427 0.1199863842286193 0.7212358699094491 0
428 0.9535198881225796 0.6088061463044461 0
429 0.9726023327937743 0.5339388803091606 0
430 1.023422648517387 0.4842300964403935 0
431 0.7571645780909622 0.8898781976798337 0
432 0.6184569509577783 0.1176797455450694 0
433 0.3092398488609091 0.923575274721111 0
434 1.524532080242226 0.449630477305864 0
435 1.896401893406032 0.8839726100234722 0
436 0.9364247390037939 0.7598818578872892 0
437 4.343218905472571 0.6400746268657173 0
438 0.02877675769506783 0.6739837848071573 0
439 0.2341268934952877 0.4066135986477217 0
440 0.7580641435265594 0.6305714364055176 0
441 1.103249111075564 0.08789358356560467 0
442 0.733418521566537 0.2568272633243068 0
443 1.30295819091752 0.3932818743300388 0
444 0.5642904981298356 0.888125271687438 0
445 0.5188286855011447 0.3857047112173557 0
446 0.7560612035082504 0.3972821531786572 0
447 0.7318681795190409 0.1101785498999799 0
448 1.10822238864383 0.899523132496266 0
449 2.580297449119416 0.3268001156757421 0
450 0.5669232961552216 0.5223029453015464 0
451 0.3664813771046989 0.8587024980796929 0
452 0.3448192397362613 0.8054564730556404 0
453 0.4240883114408094 0.8354052504656688 0
454 1.594393481789255 0.8708488160209782 0
455 1.68078222447362 0.7742260470470455 0
456 1.686388742684364 0.9033772310260673 0
457 3.849999999999999 0.8800000000000399 0
458 3.949999999999998 0.8800000000000399 0
459 3.251345422724259 0.8888503910050627 0
460 3.351345422724259 0.8888503910050627 0
461 2.751742040463759 0.1123110691585527 0
462 2.651742040463607 0.1123110691585527 0
463 2.653558273340901 0.9032165832408217 0
464 2.753558273340901 0.9032165832408217 0
465 3.349999999997494 0.1200000000000479 0
466 3.249999999997343 0.1200000000000479 0
467 3.950549215462075 0.1173222064177702 0
468 3.850549215461923 0.1173222064177702 0
469 0.5840407760254702 0.4890588348265665 0
470 0.5889923326302946 0.4673646478708021 0
471 0.2476720100051897 0.4652912686868421 0
472 0.2132363406513984 0.4620949965586132 0
473 0.2443731949195171 0.4437187108209428 0
474 1.426363071181743 0.6305310818082812 0
475 1.552337603701504 0.6595462248556303 0
476 1.462812431058751 0.7126824889946074 0
477 0.5834616480776108 0.5161514726507732 0
478 0.5675024241030811 0.4952103074773397 0
479 0.5973113679802045 0.6388283588776207 0
480 0.5914230625877738 0.6661541070581269 0
481 0.555678884519244 0.6559708749231938 0
482 0.3815083285277027 0.07123782936444026 0
483 0.2970713281846625 0.1274064700141188 0
484 0.3155629996566242 0.05616864064967858 0
485 0.2727560927092556 0.7241981474543587 0
486 0.2548700700468681 0.7388862187630849 0
487 0.2358551460975512 0.7183088475921975 0
488 0.1529414317911838 0.4560976349840747 0
489 0.1927187722601137 0.4609199413648221 0
490 0.1767578152681411 0.4788452480437652 0
491 1.511711296933777 0.7878785040236063 0
492 1.385736764414016 0.7588633609762572 0
493 0.5773289147832021 0.6119512483203404 0
494 0.613073092851732 0.6221344804552735 0
495 1.123249092990245 0.3340900930679299 0
496 1.11346227037405 0.2546044155933807 0
497 1.163471153075984 0.2996591039951155 0
498 0.3234935198803095 0.6464077287800647 0
499 0.3656013296267068 0.6543427046682958 0
500 0.3465273894705083 0.6824702705728515 0
501 0.1649064880671787 0.4995114708317386 0
502 0.2046838285361087 0.504333777212486 0
503 4.699028181611405 0.9171284277672764 0
504 4.715486514944786 0.833586761100614 0
505 4.81645833333338 0.9164583333333376 0
506 4.667850642690569 0.3610626251177622 0
507 4.5418089760238 0.3412709584510025 0
508 4.586458333333332 0.2677083333334659 0
509 4.461556891579306 0.3639277275277186 0
510 4.542949200936544 0.4572820193120149 0
511 1.283053829968113 0.1957008386194599 0
512 1.373681373679523 0.1309160410456446 0
513 1.386547385971809 0.2071295652088234 0
514 0.8079871863161292 0.5815465592999891 0
515 0.7941132330140379 0.5989439464674602 0
516 4.648107554372952 0.6691329328811226 0
517 4.682449497622331 0.5743713990199837 0
518 4.763893560542937 0.6032351017650136 0
519 4.594932388416693 0.5374472401856958 0
520 4.710718394586676 0.4715494090695868 0
521 0.2530355502073536 0.1504354913449534 0
522 0.3189808790784321 0.1655046800597151 0
523 4.501314047345161 0.08236624234308565 0
524 4.531522380678898 0.2063245756764388 0
525 4.430208333332825 0.1239583333333531 0
526 1.517317815144521 0.917029688002628 0
527 0.3975318533886825 0.6496988093796097 0
528 0.3744979837984836 0.613636267586823 0
529 0.5130511059468469 0.2402072598577615 0
530 0.5499443181580666 0.2399972266753355 0
531 0.508498210554956 0.2792844971388068 0
532 4.599028181611406 0.9171284277672764 0
533 1.748801845866613 0.1058659919656902 0
534 1.648801845866904 0.1058659919656902 0
535 0.3402031079377391 0.7175903825431644 0
536 0.2980952981913418 0.7096554066549333 0
537 0.2220322095305067 0.4235680186702178 0
538 0.256467878884298 0.4267642907984467 0
539 4.419776119402901 0.8739552238806446 0
540 4.518804301014306 0.7910836516479211 0
541 4.499028181611404 0.9171284277672764 0
542 1.381085959130511 0.2887504608632845 0
543 1.471713502841922 0.2239656632894691 0
544 0.2841447181421731 0.5369140877458172 0
545 0.2971995297535701 0.5088739714608493 0
546 0.3196056338895114 0.5325791090460934 0
547 0.6233364476304381 0.7370730020554419 0
548 0.5865898594753916 0.7798613309855418 0
549 0.566140791644724 0.7528083465057248 0
550 1.23810808330485 0.3862133278998518 0
551 1.254829787238464 0.4720600924151157 0
552 1.189979679625793 0.4649915459849287 0
553 1.312791360107528 0.913356144203044 0
554 1.33010917525205 0.8303858322056721 0
555 1.417317815144521 0.917029688002628 0
556 0.1894199571744411 0.4393473834989228 0
557 0.8057182600117421 0.7316920539171898 0
558 0.8310315822398831 0.6658851732529109 0
559 0.8597783008831024 0.7234125246000027 0
560 0.02524982555010865 0.5599945905889803 0
561 0.02524982555010865 0.5849945905889082 0
562 1.224802086360093 0.2460438946516025 0
563 1.234588908976289 0.3255295721261517 0
564 0.3057346548871084 0.4757269878551486 0
565 0.27027373913977 0.4800619665548724 0
566 1.62925022030567 0.6273561700227777 0
567 1.592800860428663 0.5452047628364514 0
568 0.2092699008923509 0.7646461945700336 0
569 0.2461708475040553 0.7705354944321948 0
570 0.9252382774217507 0.2813534997030934 0
571 0.8821257117193453 0.2171289833506332 0
572 0.9321775004975961 0.215399817112389 0
573 1.271769641049198 0.6172528282237255 0
574 1.29797035217096 0.5230939233103038 0
575 1.363038609660752 0.5895084410338367 0
576 0.2391368848716514 0.4984382522925429 0
577 0.3037240075745384 0.4171204141109113 0
578 0.3468221776654184 0.4171204776660676 0
579 0.3219070343641883 0.4469150465043281 0
580 0.08433946115911895 0.4348242486596392 0
581 0.1154721209132477 0.4453494769218004 0
582 0.1058478150450824 0.4634977134008567 0
583 0.07192236270743696 0.5765275135163317 0
584 0.06921088835130412 0.6022976942703107 0
585 0.04778817674408446 0.5957593619315518 0
586 0.4837416996281436 0.5267475462654543 0
587 0.4988538974208032 0.5026667843155388 0
588 0.5142350889212475 0.5285179348163616 0
589 0.07636210024117876 0.3522207075344616 0
590 0.05230197762974402 0.355538176117215 0
591 0.06307061119792652 0.3308152167053804 0
592 0.5573201930550239 0.3739159376664718 0
593 0.5920434376412496 0.3589729322074413 0
594 0.5971594817149903 0.3889008984034095 0
595 0.07910674908264478 0.6241374317792809 0
596 0.1032409350459973 0.6049055833640609 0
597 0.3488328249779883 0.4757270514103049 0
598 3.449988777486048 0.08974032719922054 0
599 3.399988777485974 0.2097403271992684 0
600 4.050218624218065 0.08897890922635304 0
601 4.000767839681659 0.2063011156441232 0
602 2.809509087480413 0.8165534038433224 0
603 2.85595081413951 0.9133368206025007 0
604 0.576201741760585 0.2979915092461947 0
605 0.5923696536422587 0.269283116079732 0
606 0.623179972636668 0.2882001613695461 0
607 4.816458333333127 0.08354166666665952 0
608 4.717772380678896 0.1659079090097452 0
609 4.701314047345464 0.08236624234308565 0
610 2.116559209773106 0.9252075695345543 0
611 2.103840360267047 0.8005106792481593 0
612 2.187281150493941 0.875303109713605 0
613 1.236285805128024 0.6854614649874355 0
614 1.171217547638233 0.6190469472639028 0
615 2.853728889408788 0.09128904238713148 0
616 2.805470929875891 0.2036001115456841 0
617 3.750296959369544 0.9088582758997139 0
618 3.800296959369543 0.7888582758997538 0
619 3.999344701415564 0.7876040985630467 0
620 4.049344701415564 0.9076040985630067 0
621 3.405008209178642 0.797754925311809 0
622 3.453662786454381 0.9089045343067462 0
623 3.200304828766978 0.2111647689448704 0
624 3.150304828766901 0.09116476894482252 0
625 1.786388742684364 0.9033772310260673 0
626 1.212791360107528 0.913356144203044 0
627 0.1157657777529287 0.7010706956075188 0
628 0.1335828000086432 0.6750723179286833 0
629 0.1378034064843338 0.6952374922306136 0
630 1.719328997651424 0.5819666289816784 0
631 1.678865740924266 0.6963080910008572 0
632 4.601314047345314 0.08236624234308565 0
633 1.587389310710184 0.1770383757831942 0
634 1.581927883868886 0.2586592714376552 0
635 3.901674099840078 0.3660788821938965 0
636 3.97177792746691 0.2916010515547743 0
637 3.97235359638132 0.4230355209131304 0
638 3.299999999998708 0.370000000000169 0
639 3.371841208450173 0.295410686355252 0
640 3.371841208451462 0.4254106863553252 0
641 2.610834739352196 0.1972931901307597 0
642 2.559092698884942 0.084982120972207 0
643 2.557008163879145 0.9104545285913337 0
644 2.610566437220047 0.8136711118321554 0
645 3.231547207794582 0.5758741757092459 0
646 3.301345422724259 0.6388503910051839 0
647 3.232892630518844 0.7147245667141875 0
648 3.831964750749824 0.4238769293232736 0
649 3.831389081835415 0.2924424599649175 0
650 3.149980703074696 0.9095130796936897 0
651 3.201326125798957 0.7983634706987524 0
652 3.802982579777686 0.2077734343560573 0
653 3.752433364313939 0.09045122793828705 0
654 0.6353532829315149 0.6185973696297458 0
655 0.6153708297345125 0.5917202590724655 0
656 4.657564047345668 0.2261162423431984 0
657 3.230794299086725 0.4262329537891363 0
658 3.230794299085436 0.296232953789063 0
659 3.901124884377243 0.6287566757761662 0
660 3.829754092989588 0.7035387034252483 0
661 3.830878977366833 0.5722953792013346 0
662 0.1076105900294932 0.482603569387814 0
663 0.07647793027536445 0.4720783411256527 0
664 2.641890765025139 0.2757111269964237 0
665 2.707489226706533 0.3387659988189549 0
666 2.645895910800811 0.3898549874982733 0
667 2.775472040216469 0.2818731392371642 0
668 2.779477185992141 0.3960169997390138 0
669 3.372296445488633 0.5752150875471549 0
670 3.373641868212895 0.7140654785520966 0
671 3.971237265538189 0.5710327595606665 0
672 3.970112381160944 0.7022760837845801 0
673 1.981345282833816 0.6309916374021165 0
674 2.102397650866586 0.6566723655901996 0
675 2.053509932955112 0.724925491239127 0
676 2.180908317706816 0.6294383040239838 0
677 2.108743667585521 0.5355044501869732 0
678 4.337413815714396 0.9123529204773186 0
679 4.357189935117297 0.7863081443579633 0
680 0.1367958849238186 0.4398612550208315 0
681 0.1152875310378551 0.4111877902796141 0
682 1.65809225384974 0.2906636321923731 0
683 1.542416445981478 0.3375909196986481 0
684 0.08838709990886774 0.5113135302996225 0
685 0.1177569846785857 0.5027329025748264 0
686 0.6347668730575686 0.4028873723488698 0
687 0.6548153164526379 0.3932325508631336 0
688 0.6554017263266923 0.6282521911154002 0
689 0.2133397943499097 0.2768815174912744 0
690 0.2228669199184427 0.2984211989223849 0
691 0.1862144046932031 0.2946959783164922 0
692 0.05751302254786211 0.7224534352328734 0
693 0.0521228458015983 0.6981784754821849 0
694 0.07345567647857451 0.6992517186026089 0
695 0.04724558466852307 0.3759718334732464 0
696 0.03395409562527084 0.3545663426441652 0
697 0.09060114775482434 0.6508610398624758 0
698 0.05657110106013116 0.6482531507687256 0
699 1.452563782303505 0.5363721768948595 0
700 0.5247146948467307 0.7613855195493495 0
701 0.5614612830017772 0.7185971906192499 0
702 0.5197931782080991 0.4728146530398442 0
703 0.4892997889149954 0.4710442644889369 0
704 2.267961733310909 0.08433337956804703 0
705 2.26116146356194 0.1955026548123142 0
706 2.193199730246777 0.1111692752442672 0
707 2.255242883807122 0.7909697301459647 0
708 2.267961733313181 0.9156666204323597 0
709 0.4933143486219038 0.2047479637334157 0
710 0.4518682410187933 0.244035234196887 0
711 4.375738560095561 0.2111005204983201 0
712 4.345530226761824 0.08714218716496699 0
713 4.400361596405347 0.4134023728109985 0
714 4.399221371492603 0.2973913119499861 0
715 0.2370540154000226 0.3198213858581765 0
716 0.2099286257433161 0.3376358466833943 0
717 0.618775488654353 0.4302370123181475 0
718 0.6158913418980003 0.4013075329136566 0
719 1.281210309377023 0.7551898171766732 0
720 1.180658215966057 0.7569839362168505 0
721 1.346098755850017 0.4443157052252269 0
722 1.538587464839941 0.07117238381750404 0
723 0.1688970138000942 0.5248288424039356 0
724 0.1409710005321266 0.4993403132352149 0
725 0.2727502752120489 0.565332391661993 0
726 0.2503441710761075 0.5416272540767491 0
727 0.1019528955408368 0.3021018763377989 0
728 0.1349511784285803 0.3086631730461507 0
729 0.1201290166971047 0.3340590448309788 0
730 4.899117751896158 0.5542367839514107 0
731 4.899117751896158 0.4542367839514248 0
732 3.652433364313788 0.09045122793828705 0
733 3.602422141802115 0.1801915551375076 0
734 3.549988777486201 0.08974032719922054 0
735 2.95595081413951 0.9133368206025007 0
736 3.005931517214207 0.8228499002961903 0
737 3.049980703074696 0.9095130796936897 0
738 1.848055182891788 0.06749621526747354 0
739 1.796857028762323 0.1733622072331637 0
740 1.802643878527004 0.2543114020850772 0
741 1.901897215552179 0.2159416253868606 0
742 0.3332843105105132 0.2779153295480094 0
743 0.3671080393444147 0.2655462994870291 0
744 0.3593331155920314 0.3061104095788464 0
745 0.03247847478297686 0.6976819884598033 0
746 0.04842112871368927 0.6744802718295389 0
747 2.244535161144624 0.5781490944002894 0
748 2.238189144425689 0.6993170098035156 0
749 0.5487144193824237 0.4862774212597895 0
750 0.5481352914345643 0.5133700590839962 0
751 0.2894916610293616 0.7867646196474554 0
752 0.3470985953654722 0.7634673720334313 0
753 0.6539358898856058 0.3180538179086216 0
754 0.6663712226587166 0.3465784871128067 0
755 0.6194473935281053 0.3454332237401939 0
756 0.1405566497305097 0.7223812741313733 0
757 0.1583736719862243 0.6963828964525378 0
758 1.982787992234277 0.7748299510600762 0
759 2.405669918638743 0.5749645759932094 0
760 2.447624369073925 0.4815159160926555 0
761 2.485891815389141 0.5642392758488348 0
762 2.121496644094941 0.1842574623067136 0
763 2.12829691384391 0.07308818706244646 0
764 0.2501300624200529 0.3514897021089283 0
765 0.2630683565951795 0.3122750543479189 0
766 0.795910014717603 0.2546294405374335 0
767 0.8345834716874021 0.2464267410860625 0
768 0.8365130316737008 0.2912853653927087 0
769 0.536337653415528 0.4225180185378412 0
770 0.5652588945898525 0.4359807867577865 0
771 0.5391603108766159 0.4546549014331877 0
772 2.573290475415288 0.5565887233793028 0
773 2.531336024980106 0.6500373832798567 0
774 0.7851057533032501 0.329603099868157 0
775 0.7366158254594077 0.3394586080867343 0
776 0.7493496468600596 0.3093435730626571 0
777 0.2790803742420249 0.6890780354840458 0
778 0.2544886630608679 0.6825724546670382 0
779 0.2798278685429541 0.6680297138676128 0
780 0.5811680973117746 0.4162505383726871 0
781 0.227285557670689 0.5191044750805163 0
782 0.2158911147405648 0.5475227789966921 0
783 0.02183329482332314 0.5365578092533752 0
784 0.04708312037343179 0.5465523998419677 0
785 1.830496793155766 0.3356488758257386 0
786 1.72545660636591 0.2930694576720416 0
787 0.5422180815332891 0.5299936666066205 0
788 0.5271058837406294 0.5540744285565361 0
789 0.9071101998313366 0.4627284484088647 0
790 0.8638008879695522 0.4278267968562867 0
791 0.9021974823682888 0.4190630247459711 0
792 0.1884754803622273 0.2395137994736993 0
793 0.2251279955874669 0.2432390200795921 0
794 1.071610226130921 0.5371228476635196 0
795 1.156888144101797 0.5206856731792783 0
796 1.121423465588531 0.5672754849844339 0
797 0.5740897580037003 0.5754037651223942 0
798 0.5618942163740996 0.5949609803234887 0
799 0.5428933347230704 0.5751073755478896 0
800 0.3885299181345124 0.5290921526170973 0
801 0.3523334175611361 0.530829372770777 0
802 0.3688569460742848 0.5028017726074456 0
803 3.050304828766749 0.09116476894482252 0
804 3.004033718178728 0.182453811331954 0
805 2.95372888940894 0.09128904238713148 0
806 3.553662786454381 0.9089045343067462 0
807 3.603959745823926 0.81776281020646 0
808 3.650296959369544 0.9088582758997139 0
809 0.3392786059497391 0.5588694890557449 0
810 0.2155629996567089 0.05616864064967858 0
811 0.291957542048104 0.5893141555143933 0
812 0.2581569949820384 0.5940273218453251 0
813 0.9222972480386498 0.5041404629782204 0
814 0.8839006536399132 0.5129042350885359 0
815 0.0843281091107515 0.774260635115351 0
816 0.09189461865280708 0.8079321443483714 0
817 0.05623634353493932 0.8047991361838907 0
818 0.6014968764322467 0.5743228719048807 0
819 0.5824959947812174 0.5544692671292817 0
820 2.759745802409575 0.5492501047499836 0
821 2.713365958671599 0.6439885904947437 0
822 2.66511452874423 0.5476483450655646 0
823 0.2045298433401873 0.3769973733947217 0
824 0.1690356325201633 0.3677895273547941 0
825 0.1886215104048721 0.3498281875792583 0
826 0.29822607713053 0.8761644976953877 0
827 0.377495148835078 0.9061132751054162 0
828 0.6179714629242524 0.6795158042940894 0
829 0.6665277730246864 0.6736995805879077 0
830 0.6514436899002043 0.7042037938694433 0
831 0.1649072893547591 0.3068883192123562 0
832 0.1467311681984913 0.2749311507191762 0
833 0.4232466131340834 0.4721784075456145 0
834 0.4549001438741025 0.4720943292010473 0
835 0.4367069773876803 0.5009804741091988 0
836 0.6710164220773398 0.376316281389242 0
837 0.6939490122287617 0.3955909393079966 0
838 0.791970814684271 0.6201380905469052 0
839 0.7602065618563263 0.6093772923260726 0
840 0.3850293255513647 0.4739898312566252 0
841 0.4032224920377869 0.4451036863484738 0
842 0.5763389794632918 0.6966583203396626 0
843 2.016559209773106 0.9252075695345543 0
844 0.3008268951866698 0.3312114051192487 0
845 0.2877508481666395 0.299543088868497 0
846 4.781234141980159 0.7654566511464138 0
847 4.663803990258185 0.7661267455803527 0
848 0.02433491699644188 0.759090491828733 0
849 0.02433491699644188 0.790181159707211 0
850 0.8127536321640596 0.5416549965756228 0
851 0.830643931689913 0.5698131819639263 0
852 0.08980533550477443 0.6779411400787544 0
853 0.09519551225103823 0.7022160998294429 0
854 0.02253835119397581 0.6107647713428873 0
855 3.552732023994087 0.2587329193526436 0
856 3.655176610821674 0.2594438200917101 0
857 3.052723949581994 0.7405204875404016 0
858 2.958694060646808 0.7443442284492126 0
859 0.1284754415311176 0.5979397626410807 0
860 0.1536156713696892 0.5909784514620652 0
861 0.1382770256159095 0.6197840096940156 0
862 0.4392921245245087 0.3980572892809792 0
863 0.4582972444286325 0.4205264084583458 0
864 0.4224346597163817 0.4208231434600965 0
865 0.6945482225477513 0.6260064691581044 0
866 0.6722020422697934 0.646765869055258 0
867 0.8415226947632475 0.180473058495358 0
868 2.662925615844029 0.724409998645984 0
869 2.757556889509374 0.7260117583304031 0
870 0.1123409835272881 0.6538254210893097 0
871 0.2534776422261586 0.3991247117275009 0
872 0.275818627615169 0.4192754038782258 0
873 0.07451657282908877 0.5507160223321037 0
874 0.07110004210230325 0.5272792409964988 0
875 0.514533877601718 0.413448422215299 0
876 0.5406324613149547 0.3947743075398978 0
877 0.468360409696347 0.553897030234928 0
878 0.4529792181959028 0.5280458797341052 0
879 4.916458333333279 0.1835416666664385 0
880 4.916458333333279 0.08354166666665952 0
881 4.91645833333338 0.9164583333333376 0
882 4.91645833333338 0.8164583333330743 0
883 1.085939629667357 0.6354841217481441 0
884 0.4213256874558837 0.5281299580786724 0
885 0.404802158942735 0.5561575582420038 0
886 0.06978588109095231 0.3014262223910917 0
887 0.08460804282242787 0.2760303506062637 0
888 0.2272867120975443 0.5995645664114848 0
889 0.2464939789335995 0.6235463302638851 0
890 0.5969225490341495 0.2302058787986868 0
891 0.7384857706845805 0.6862761363666798 0
892 0.7536163090855215 0.7252194823030362 0
893 0.7151305384015791 0.737330916099618 0
894 2.953728889410447 0.2612890423871774 0
895 3.050304828768256 0.2611647689448685 0
896 3.650296959369555 0.738858275899745 0
897 3.553662786454392 0.7389045343067773 0
898 0.06388116428615454 0.2200500398876875 0
899 0.04932265523247781 0.1930705763140407 0
900 0.07421204000449583 0.1919849054545041 0
901 0.1744344149232921 0.3284280006434667 0
902 1.140166440168183 0.4348389086640144 0
903 0.664527310574901 0.2209686025335886 0
904 0.6221019750907089 0.1916827131291921 0
905 0.3955306866446388 0.7362822359513495 0
906 0.300733770916399 0.3894808350399655 0
907 0.2744863972861197 0.3677895977029753 0
908 0.3023917772454892 0.3656346079356608 0
909 0.8014245136052527 0.6419347236291954 0
910 0.855484554476613 0.6336551943120081 0
911 0.7055049184348404 0.3489368755576698 0
912 0.650085216337014 0.8022386970004338 0
913 0.5928895603512999 0.8179740414507167 0
914 0.1217475104115012 0.5280502741470233 0
915 0.5796081048681389 0.3304482630032563 0
916 0.8283638726052032 0.3418247190187363 0
917 0.8156300512045515 0.3719397540428135 0
918 1.109191735862764 0.3844084324925937 0
919 1.05918285316083 0.3393537440908589 0
920 0.2955257719190229 0.2589789787766796 0
921 0.1448692973166371 0.3731599549589879 0
922 0.1607776302519522 0.4003291407744514 0
923 0.1211737909214287 0.5502885339478826 0
924 0.1185795807997769 0.5761000251321105 0
925 0.09593928443630843 0.5572543546708628 0
926 1.438587464840232 0.07117238381750404 0
927 1.335093908836536 0.05974365722814051 0
928 0.02622051418627168 0.2641506699765348 0
929 0.02622051418627168 0.2876773483297783 0
930 0.0971377519262666 0.3484836046173847 0
931 0.0863691183580841 0.3732065640292193 0
932 0.4758394246613984 0.4422421979253527 0
933 1.982138946504467 0.2215335971818335 0
934 2.066187844544547 0.2581635988515847 0
935 1.99173296335694 0.3335208219085253 0
936 0.1808487967909692 0.7599110742962204 0
937 0.1602785312890787 0.7868445567594876 0
938 0.1405566497305097 0.7504601608165646 0
939 0.4283008454820415 0.7562263344684781 0
940 0.4917848601906943 0.7629450594655822 0
941 0.4659101887810246 0.7888779504387204 0
942 0.5610060862539463 0.5389265528241708 0
943 0.5884132046824928 0.5378456596066572 0
944 0.1595188420972647 0.641030906533389 0
945 0.1343786122586932 0.6479922177124047 0
946 0.5349128826652986 0.7052354933832873 0
947 0.383049276058433 0.3227945502431517 0
948 0.3492255472245315 0.3351635803041321 0
949 0.1527568419157912 0.4219359483418884 0
950 1.427745698391568 0.4004680475321726 0
951 1.384605133459072 0.3494342166369845 0
952 0.3270742688169492 0.3529026424562388 0
953 0.2908919207711023 0.6462721901911729 0
954 0.3099658609273007 0.6181446242866172 0
955 0.3842173721336631 0.4226345671711072 0
956 0.3660343453440132 0.3928399347776904 0
957 1.978384480922354 0.4320160041141664 0
958 1.894335582882274 0.3953860024444152 0
959 0.0994161187267288 0.7504601608165646 0
960 0.06375784360886104 0.7473271526520838 0
961 0.01809009593544295 0.7342167744095226 0
962 0.04242501293188482 0.7462539095316598 0
963 0.5461324915025723 0.6116548587458359 0
964 0.5228752244046233 0.9443256377448608 0
965 0.5050204734695413 0.8883882735885798 0
966 0.5821452490649176 0.944062635843719 0
967 2.053007431071155 0.4664446676657328 0
968 1.955610050596489 0.5283098482016226 0
969 4.150218624218216 0.08897890922635304 0
970 0.7823630277287408 0.782746833650128 0
971 0.9539540589257143 0.1638688495601509 0
972 0.9970666246281198 0.2280933659126111 0
973 4.149344701415563 0.9076040985630067 0
974 0.7056742692457454 0.6714538586306119 0
975 0.3245591411573112 0.5894496941032852 0
976 0.4849735255066953 0.5813403217921523 0
977 0.4542110440744546 0.5826386552608032 0
978 4.514680303972199 0.5601040092624119 0
979 4.454941198462459 0.640171928500905 0
980 4.402958010982311 0.5600067076272242 0
981 0.9417873014032558 0.4099940956369071 0
982 0.9915966523048937 0.3778477992453938 0
983 0.995316145131711 0.421818379907036 0
984 4.245530226761672 0.08714218716496699 0
985 4.195748850981104 0.17612109639132 0
986 0.3572869248289358 0.5876999578279688 0
987 0.2015253914625128 0.5997420304653708 0
988 0.2131884075109518 0.5702230220468108 0
989 2.131090660947414 0.2962446870334054 0
990 2.367961733313181 0.9156666204323597 0
991 2.424969897192326 0.8261211490236934 0
992 2.457008163879145 0.9104545285913337 0
993 2.45909269888479 0.084982120972207 0
994 2.427054432199802 0.169315500540254 0
995 2.367961733311061 0.08433337956804703 0
996 0.8793882908203139 0.8320196883303326 0
997 0.8407380905383142 0.8823490845381086 0
998 0.7958147783729618 0.8395488014720577 0
999 0.5266676687566433 0.1544879007744666 0
1000 0.5586475374605537 0.1128677788498562 0
1001 0.5864770822538679 0.1592998674696798 0
1002 0.1443878067749697 0.5468959446082711 0
1003 0.13013603481401 0.3550449013257365 0
1004 0.3892174485909115 0.5830560625392827 0
1005 0.4220132179122828 0.5820938680008578 0
1006 3.55647401826453 0.5783205124232389 0
1007 3.603822639465668 0.498399077873338 0
1008 3.647348621201159 0.5800785654501612 0
1009 2.960175129145508 0.5787627170336375 0
1010 3.011098549304876 0.497755309186964 0
1011 3.056409913173962 0.5810074078467503 0
1012 4.150092320011916 0.5750196445835278 0
1013 4.194119462351378 0.4950193533782064 0
1014 4.23381955650546 0.5747781887092363 0
1015 4.23797807245502 0.4160949783904792 0
1016 4.154250835961477 0.4163364342647708 0
1017 3.650091867707971 0.4190711576035532 0
1018 3.559217264771342 0.4173131045766309 0
1019 3.053666666666651 0.4200000000000843 0
1020 2.957431882638198 0.4177553091869715 0
1021 0.1095223437783832 0.1896629856251537 0
1022 0.09496383472470651 0.1626835220515069 0
1023 4.833482968942056 0.4105424740755325 0
1024 4.934365217045897 0.3563056901230827 0
1025 4.790615217045948 0.3000556901237079 0
1026 4.755367751896209 0.3979867839520501 0
1027 4.936070378775264 0.6439386870189856 0
1028 4.835188130671421 0.5981754709714495 0
1029 4.800846187422042 0.6929370048325885 0
1030 4.237413815714396 0.9123529204773186 0
1031 0.04572575847951758 0.3047436909738452 0
1032 4.77270833333333 0.2272916666667723 0
1033 0.1363837960914364 0.1925020886524673 0
1034 0.1156320013712257 0.2218034720554644 0
1035 0.628192458606461 0.9201757037328044 0
1036 0.7067747476519423 0.8651148025727213 0
1037 0.6785822890454809 0.9449390988399169 0
1038 0.4190540604773118 0.3711597296414768 0
1039 0.4549166451895626 0.3708629946397261 0
1040 0.02253835119397581 0.6357647713428155 0
1041 0.03692673004150972 0.647756663746344 0
1042 0.01438837884753392 0.6619918924036288 0
1043 0.9445324673968014 0.0755876503799644 0
1044 0.8445324673970933 0.0755876503799644 0
1045 0.02183329482332314 0.5115578092534471 0
1046 0.1661943065704812 0.5475290854540543 0
1047 0.1656205870804088 0.5697673452549136 0
1048 0.04994235931700582 0.0994028308753528 0
1049 0.07976912479241537 0.1276094252425277 0
1050 0.02982676547540955 0.1367988475136824 0
1051 0.121878032545799 0.3875845147453938 0
1052 4.149273347251384 0.2576849388648749 0
1053 4.24458494979484 0.2558482168034888 0
1054 0.04994235931700582 0.04510670430209905 0
1055 0.04980420156610919 0.9021457104920496 0
1056 0.04980420156610919 0.9564418370650878 0
1057 0.02982676547540955 0.1778853747088823 0
1058 0.7642165677054243 0.3785001440354457 0
1059 0.733105660680857 0.3879784115063811 0
1060 0.7412610248780309 0.3691964023631696 0
1061 0.8469291887770125 0.4757322299817878 0
1062 0.8198235298194092 0.4493298560914947 0
1063 0.8416079464749966 0.4450898466288873 0
1064 0.8520619914852217 0.5007069198793701 0
1065 0.8302775748296343 0.5049469293419775 0
1066 0.8366952290119489 0.4014244229659936 0
1067 0.7934371097099958 0.3892028038154142 0
1068 0.2624687053381362 0.2345702197438584 0
1069 0.2376043913504538 0.1972025017262833 0
1070 0.2438914918748445 0.8125245954544039 0
1071 0.7884256338515787 0.4252521622458522 0
1072 0.8022995871538191 0.4426495494134224 0
1073 0.7592050918470072 0.4145495024658836 0
1074 0.7852817455128218 0.4079848129586258 0
1075 0.1901297941055333 0.5477002430505782 0
1076 2.813179068879314 0.4742102388473278 0
1077 2.861430498806683 0.5705504842765069 0
1078 4.076424824932992 0.4219092497632531 0
1079 4.006320997306161 0.4963870804023752 0
1080 3.478315226715982 0.4237311987784119 0
1081 3.406474018264518 0.498320512423329 0
1082 0.2546199244304542 0.9617876373605555 0
1083 0.3546199244304543 0.9617876373605555 0
1084 0.807620829455835 0.4732919327663229 0
1085 0.03190142653849745 0.8238526689402314 0
1086 0.03190142653849745 0.8649391961354171 0
1087 1.495392078121425 0.3776085181248971 0
1088 1.45688570051237 0.4724900067131395 0
1089 0.2117068794604094 0.6582628852205493 0
1090 0.1817052458058809 0.6783406550814159 0
1091 0.1856220623945768 0.6491613446909115 0
1092 4.186758517129961 0.8199570190403254 0
1093 1.08980623273954 0.740742160875227 0
1094 1.13473073698854 0.8104705130644647 0
1095 0.189548019333782 0.7282617986271105 0
1096 1.770861001819374 0.7288365060059463 0
1097 0.4230404155735271 0.6339309205047377 0
1098 0.4141437614017503 0.6746373575862106 0
1099 0.4654848038285897 0.1583158751135921 0
1100 0.08170562810460663 0.8756771597735433 0
1101 0.4126441640598916 0.2511586587952037 0
1102 0.3865953589783734 0.2229635787643667 0
1103 0.8624825938446045 0.5820104971730921 0
1104 0.8920896624792347 0.6059609467968076 0
1105 0.01949588975706825 0.2059505091420656 0
1106 0.01949588975706825 0.2370411770203686 0
1107 0.3080021676820098 0.2129424604233709 0
1108 0.5197503426114002 0.3104067286088724 0
1109 0.5487977858737294 0.3115312177134422 0
1110 0.523156705718954 0.3428634823659339 0
1111 1.009421591527325 0.08828119918018645 0
1112 0.01950524429324589 0.317066342644067 0
1113 0.01950524429324589 0.3420663426441307 0
1114 0.610337707671379 0.8642383395765234 0
1115 0.2354299267054512 0.645303853940325 0
1116 0.2315131101167553 0.6744831643308296 0
1117 0.04571640394333994 0.2482452037033903 0
1118 1.010207781116675 0.334648208490186 0
1119 0.95667893738822 0.3228239242200571 0
1120 0.8125723860607126 0.4949861197221976 0
1121 0.8177051887689217 0.51996080961978 0
1122 0.4228752244046232 0.9443256377448608 0
1123 4.391385572139186 0.6939925373135032 0
1124 4.503107865129074 0.6940898389486909 0
1125 0.4875723261494622 0.842123975462773 0
1126 0.5149103421110288 0.5736316437576305 0
1127 0.5007609764891363 0.6023732687835058 0
1128 0.9107581810575185 0.7087437509115064 0
1129 0.8854448588293776 0.7745506315757855 0
1130 0.7162011056244271 0.3955909393079339 0
1131 0.7391566484518204 0.40489468098021 0
1132 0.1895204757517932 0.6209531366725224 0
1133 0.1754221711652007 0.5916115923078484 0
1134 0.4386263337226311 0.6095371595580823 0
1135 0.1150794285663028 0.1252875054131773 0
1136 0.1655053589737978 0.1012753449517776 0
1137 0.180700068906089 0.1363494417607569 0
1138 1.034274072275368 0.4369510899779581 0
1139 0.9844647213737303 0.4690973863694714 0
1140 0.09941611872672881 0.7223812741313733 0
1141 0.1199863842286193 0.7493147565946405 0
1142 0.7656290481352194 0.2781576640841933 0
1143 0.7171391202913771 0.2880131723027707 0
1144 0.8984779895414715 0.375092444084329 0
1145 3.727102714190738 0.5736172688753385 0
1146 3.798473505578393 0.4988352412262564 0
1147 3.203666666666663 0.5000000000001595 0
1148 3.13446096575339 0.4262329537890536 0
1149 2.028296913843793 0.07308818706244646 0
1150 4.232310022797396 0.7397421604345975 0
1151 4.144240908498563 0.7349933385202857 0
1152 1.299439016588959 0.3325981185563388 0
1153 0.1027728031652425 0.2478351867905609 0
1154 0.07060578871535797 0.2471595328438537 0
1155 0.8672490396925349 0.5421189344487257 0
1156 2.881161882389249 0.4173173792655371 0
1157 3.478770463753154 0.5735355999702416 0
1158 4.075308494089862 0.5699064884107892 0
1159 0.01865390600205247 0.4871835383844356 0
1160 0.04048720082537561 0.4987413476373512 0
1161 2.566375506382272 0.731647943996496 0
1162 2.478976846356124 0.7392984964660281 0
1163 0.7441600399296877 0.6593424248340302 0
1164 0.7347063410087059 0.63754579175174 0
1165 0.7675178424475411 0.6523680694878078 0
1166 0.1676857447017285 0.8685758681757898 0
1167 0.1523789329123657 0.8997015413874051 0
1168 0.1149152149215812 0.8817580009185604 0
1169 0.862155801492833 0.9374099856981917 0
1170 0.9621558014928326 0.9374099856981917 0
1171 0.6701038017672795 0.2893454247421589 0
1172 0.778582289045481 0.9449390988399169 0
1173 0.2663002095899454 0.6397666093741653 0
1174 4.314543264921602 0.2605751657816 0
1175 4.268067761191881 0.3421390082551548 0
1176 4.310532802158747 0.5674262621848161 0
1177 4.370271907668487 0.4873583429463229 0
1178 2.38993041579016 0.7445105883070541 0
1179 2.388200297606118 0.2421902409920997 0
1180 2.479331263179847 0.2428389823962597 0
1181 2.619670319153264 0.4618502376345427 0
1182 2.554071857471869 0.3987953658120115 0
1183 0.5494190619814229 0.05402790607732153 0
1184 0.4494190619814967 0.05402790607732153 0
1185 0.1296342554782956 0.2506742898178744 0
1186 0.1595903664044744 0.2488994359840798 0
1187 0.4926968894695254 0.4194763437462354 0
1188 0.02136872015447323 0.4104739749224833 0
1189 0.02136872015447323 0.4354739749225525 0
1190 0.9590545635119236 0.4939517783038549 0
1191 0.9358450173205003 0.544127564983526 0
1192 2.131518097911386 0.439210606099517 0
1193 2.178551551025348 0.3654553793750039 0
1194 2.234287787539713 0.4345151618962445 0
1195 0.4643939217994952 0.3428522141307938 0
1196 0.4531417897430511 0.3117299826607282 0
1197 0.4828571304001805 0.3106167617912984 0
1198 2.923729999751025 0.3395620700786575 0
1199 2.877458889161498 0.2608511124657431 0
1200 4.069457082576509 0.7298801823475469 0
1201 3.475959231943016 0.73411962185378 0
1202 4.115008588243944 0.6496653237418191 0
1203 3.522296445488645 0.6552150875470648 0
1204 0.7659340897590186 0.05508927494998994 0
1205 0.6659340897592787 0.05508927494998994 0
1206 0.01809009593544295 0.7106900960562247 0
1207 0.4969916973689521 0.3917326327482921 0
1208 2.233860350575741 0.2915492428301328 0
1209 0.5839907547728624 0.4483874212680337 0
1210 0.6049015353522167 0.4476343994857028 0
1211 1.914429729164187 0.791608686537258 0
1212 1.83458968938738 0.8453635360378033 0
1213 1.852617525145535 0.7529996125515892 0
1214 0.7168003159434311 0.6260064691580292 0
1215 1.076050571202926 0.8468759351095536 0
1216 1.016266995814748 0.8871715519463248 0
1217 0.9840951783738445 0.8345243545596124 0
1218 0.7401581184612844 0.6190321138118069 0
1219 2.31886972724493 0.7396805205222703 0
1220 2.372876676408728 0.652857867964605 0
1221 2.308622353639874 0.2647133471539127 0
1222 2.360899184619918 0.3382368290099184 0
1223 1.235093908836828 0.05974365722814051 0
1224 3.135213874461249 0.5758741757091632 0
1225 3.728188487573729 0.4251988189972775 0
1226 3.524584454958285 0.3444032785086272 0
1227 3.471829985938727 0.2651510135544246 0
1228 4.120283435036635 0.3429848747755259 0
1229 4.071447336222899 0.2632577543633571 0
1230 2.859949430307982 0.736131995692082 0
1231 2.906741862675769 0.6538025829362932 0
1232 0.1251042054697817 0.8140129854933884 0
1233 0.1653963525302411 0.8234638989730443 0
1234 0.01865390600205247 0.4621835383843719 0
1235 0.4802113236537276 0.6439357770397318 0
1236 0.4956599008863428 0.6244887628764975 0
1237 0.5050470646552675 0.6583425930982015 0
1238 0.6751625652384097 0.1139291477225247 0
1239 0.6092284754786475 0.05883987277253472 0
1240 1.948055182891505 0.06749621526747354 0
1241 1.775350288740258 0.5034479463268275 0
1242 1.824965809358853 0.5723998673049072 0
1243 1.850701041596181 0.675081656505401 0
1244 1.906722332685015 0.5965629738505501 0
1245 0.1844584890520569 0.7054844369821757 0
1246 0.09701243989396946 0.844551486561928 0
1247 0.0400226261565257 0.4476575133065203 0
1248 4.307936387581782 0.4208219273685904 0
1249 1.976352096739787 0.14058440232992 0
1250 1.076100200338768 0.4401025596869433 0
1251 0.3881856237515955 0.3751008726255837 0
1252 0.4038101444166494 0.3479065779843305 0
1253 3.730051052359134 0.7323969793249221 0
1254 3.6797540929896 0.6535387034252393 0
1255 3.131099127854994 0.2673977227338377 0
1256 3.080794299086713 0.3462329537890611 0
1257 4.309023268450682 0.7323902339101773 0
1258 4.266505659819284 0.6474265533901376 0
1259 0.8670373295750022 0.3336220195673653 0
1260 4.934365217045897 0.2563056901233741 0
1261 4.936070378775264 0.7439386870192489 0
1262 3.13152791086928 0.7353872554028145 0
1263 3.084290454301881 0.6568815835558367 0
1264 3.733273230687431 0.2655714814854344 0
1265 3.683583112879402 0.3441128457005704 0
1266 0.07977861685014025 0.3968098395634395 0
1267 0.06835060366811535 0.4188119810126419 0
1268 0.05416545349097136 0.3989458083954985 0
1269 0.1652689100491892 0.1831164521420868 0
1270 0.1713785676420316 0.2152569385723975 0
1271 0.05872629779995006 0.4369602174916981 0
1272 0.6540818437946194 0.1500625912045817 0
1273 1.151624555536696 0.04394679178280234 0
1274 1.051624555536988 0.04394679178280234 0
1275 0.01444885133202494 0.362500000000162 0
1276 1.024265138244156 0.2843298690655222 0
1277 1.065055224111067 0.6853955575724146 0
1278 1.015261142061365 0.6336240952929457 0
1279 0.671892757730872 0.7312567783492603 0
1280 0.5468423508097565 0.8418609735616314 0
1281 0.3520379456593188 0.1899134390925363 0
1282 0.3975740703747957 0.1755257984007109 0
1283 0.01438837884753392 0.6869918924035786 0
1284 1.81714831072118 0.4341440580313797 0
1285 1.71151149901375 0.4437108197081509 0
1286 2.484161697205242 0.3932521693981932 0
1287 2.403939800454845 0.4039774695425678 0
1288 1.211936074067808 0.1698303704884236 0
1289 0.01444885133202494 0.3875000000002311 0
1290 0.03581757148649817 0.3979739749224487 0
1291 1.128466720767676 0.1540335050430854 0
1292 1.186718464375695 0.1036904490109429 0
1293 1.054111194321914 0.949761566248133 0
1294 1.154111194321914 0.949761566248133 0
1295 2.324361856488602 0.4265005757043807 0
1296 2.277328403374639 0.5002558024288939 0
1297 2.334609230093512 0.5701345082084257 0
1298 0.0560114836475293 0.4636697809535175 0
1299 0.3507904292833508 0.3695867831205442 0
1300 0.4646254055046237 0.6683295379863872 0
1301 0.4552382417356989 0.6344757077646831 0
1302 1.964760156476122 0.8671938745462904 0
1303 0.2307656158158261 0.6955314859472626 0
1304 1.166902554429443 0.8631177104511771 0
1305 0.4718870021571818 0.7040415253783878 0
1306 0.4469139202391531 0.6945814561033392 0
1307 1.520210162033362 0.513512647487584 0
1308 1.597122778637527 0.4813225926547314 0
1309 0.5255967174906762 0.6167800848419756 0
1310 1.848200946703016 0.9419863050117361 0
1311 1.948200946703016 0.9419863050117361 0
1312 0.4323809213848346 0.2866179549195494 0
1313 0.4139177127841493 0.3188534072590449 0
1314 0.93036817099473 0.8173509146418363 0
1315 0.9901517463829084 0.7770552978050652 0
1316 4.58235992733758 0.7372630428353229 0
1317 0.5351431105073479 0.6610961010193336 0
1318 0.5410314158997787 0.6337703528388274 0
1319 1.061046147065901 0.1322279909629888 0
1320 0.0577742586319401 0.4827756369404749 0
1321 0.06095364745321076 0.5071499078094864 0
1322 0.8104665571571157 0.1306769253299543 0
1323 0.9263037949849029 0.5815611979811688 0
1324 0.9193057556169114 0.6332058951200849 0
1325 1.046041696672275 0.232798901513284 0
1326 4.850823550379176 0.2398473567902547 0
1327 4.852528712108644 0.7603970203528498 0
1328 1.029784098067522 0.5339713779545343 0
1329 1.065248776580787 0.4873815661493787 0
1330 0.1005542685352281 0.3930727366463627 0
1331 1.57155644810228 0.409612878879615 0
1332 1.644147146497581 0.4413049942284824 0
1333 0.4871053515477476 0.7287339035791072 0
1334 1.685945168478503 0.3720011059330345 0
1335 0.7629243171251726 0.1599746830653836 0
1336 0.2484720560909628 0.3753359292132329 0
1337 1.019127745133549 0.7388821344200287 0
1338 0.4214053580543084 0.7103493449782112 0
1339 1.004373940205715 0.5588257698889179 0
1340 0.9980124906555808 0.509084488374777 0
1341 0.2156948404566842 0.1591042916806871 0
1342 0.2028600705210256 0.8414074394418889 0
1343 0.9739483123138273 0.6461708387108311 0
1344 0.9397341798081591 0.6705705875264699 0
1345 0.1769231771193174 0.4165655207376946 0
1346 0.7437128274467412 0.833076229857904 0
1347 0.1499423593169227 0.04510670430209905 0
1348 0.6870232961318129 0.7702001242856166 0
1349 0.9654007377544345 0.7217086945022527 0
1350 0.2291213073600918 0.3828248161334538 0
1351 2.549241423446474 0.248382178810078 0
1352 2.510387288852789 0.3212569192619238 0
1353 0.1974407455106021 0.4177405759314857 0
1354 0.1498042015661089 0.9564418370650878 0
1355 0.2025747313462561 0.9432597043223172 0
1356 0.5196945332747327 0.6805431151825679 0
1357 0.4846319858466921 0.3697497737702963 0
1358 0.6863832030424393 0.2581595157636951 0
1359 0.5355164172412139 0.3648463413439297 0
1360 0.9066271486099692 0.3245530904583013 0
1361 0.4309273905095351 0.1252657354417618 0
1362 0.2095354294753831 0.4007861559089896 0
1363 0.7636994881489206 0.233299039777547 0
1364 0.9948327178701175 0.5962594028865607 0
1365 0.5064689739788847 0.3637218522393599 0
1366 1.086263756758013 0.1983679124404695 0
1367 0.2461808840463319 0.8576365646571496 0
1368 0.5048168368132182 0.7024819854621552 0
1369 0.6933229970077213 0.8083128347507915 0
1370 0.257194655776711 0.9050473416828728 0
1371 0.963061110458177 0.5713725133068033 0
1372 0.7107874580752507 0.1463119933820369 0
1373 0.7418435956813824 0.1961081265474406 0
1374 0.7115626290989987 0.2196363500942004 0
1375 0.2128795931534386 0.7102195572559888 0
$EndNodes
$Elements
730
1 8 2 100 1 1 9 33
2 8 2 100 1 9 10 34
3 8 2 100 1 10 11 35
4 8 2 100 1 11 12 36
5 8 2 100 1 12 13 37
6 8 2 100 1 13 14 38
7 8 2 100 1 14 15 39
8 8 2 100 1 15 16 40
9 8 2 100 1 16 17 41
10 8 2 100 1 17 18 42
11 8 2 100 1 18 19 43
12 8 2 100 1 19 20 44
13 8 2 100 1 20 21 45
14 8 2 100 1 21 22 46
15 8 2 100 1 22 23 47
16 8 2 100 1 23 24 48
17 8 2 100 1 24 25 49
18 8 2 100 1 25 26 50
19 8 2 100 1 26 27 51
20 8 2 100 1 27 28 52
21 8 2 100 1 28 29 53
22 8 2 100 1 29 30 54
23 8 2 100 1 30 31 55
24 8 2 100 1 31 32 56
25 8 2 100 1 32 2 57
26 8 2 200 2 2 58 62
27 8 2 200 2 58 59 63
28 8 2 200 2 59 60 64
29 8 2 200 2 60 61 65
30 8 2 200 2 61 3 66
31 8 2 300 3 3 67 91
32 8 2 300 3 67 68 92
33 8 2 300 3 68 69 93
34 8 2 300 3 69 70 94
35 8 2 300 3 70 71 95
36 8 2 300 3 71 72 96
37 8 2 300 3 72 73 97
38 8 2 300 3 73 74 98
39 8 2 300 3 74 75 99
40 8 2 300 3 75 76 100
41 8 2 300 3 76 77 101
42 8 2 300 3 77 78 102
43 8 2 300 3 78 79 103
44 8 2 300 3 79 80 104
45 8 2 300 3 80 81 105
46 8 2 300 3 81 82 106
47 8 2 300 3 82 83 107
48 8 2 300 3 83 84 108
49 8 2 300 3 84 85 109
50 8 2 300 3 85 86 110
51 8 2 300 3 86 87 111
52 8 2 300 3 87 88 112
53 8 2 300 3 88 89 113
54 8 2 300 3 89 90 114
55 8 2 300 3 90 4 115
56 8 2 400 4 4 116 119
57 8 2 400 4 116 117 120
58 8 2 400 4 117 118 121
59 8 2 400 4 118 7 122
60 8 2 500 5 5 123 129
61 8 2 500 5 123 124 130
62 8 2 500 5 124 125 131
63 8 2 500 5 125 126 132
64 8 2 500 5 126 127 133
65 8 2 500 5 127 128 134
66 8 2 500 5 128 6 135
67 8 2 600 6 6 136 142
68 8 2 600 6 136 137 143
69 8 2 600 6 137 138 144
70 8 2 600 6 138 139 145
71 8 2 600 6 139 140 146
72 8 2 600 6 140 141 147
73 8 2 600 6 141 5 148
74 8 2 400 7 7 149 156
75 8 2 400 7 149 150 157
76 8 2 400 7 150 151 158
77 8 2 400 7 151 152 159
78 8 2 400 7 152 153 160
79 8 2 400 7 153 154 161
80 8 2 400 7 154 155 162
81 8 2 400 7 155 8 163
82 8 2 400 8 8 164 167
83 8 2 400 8 164 165 168
84 8 2 400 8 165 166 169
85 8 2 400 8 166 1 170
86 9 2 10 12 359 200 232 451 452 453
87 9 2 10 12 83 241 309 454 455 456
88 9 2 10 12 71 72 247 96 457 458
89 9 2 10 12 74 75 248 99 459 460
90 9 2 10 12 21 22 246 46 461 462
91 9 2 10 12 77 78 251 102 463 464
92 9 2 10 12 24 25 249 49 465 466
93 9 2 10 12 27 28 250 52 467 468
94 9 2 10 12 5 313 123 469 470 129
95 9 2 10 12 198 412 239 471 472 473
96 9 2 10 12 196 326 241 474 475 476
97 9 2 10 12 5 450 313 477 478 469
98 9 2 10 12 223 278 363 479 480 481
99 9 2 10 12 10 422 353 482 483 484
100 9 2 10 12 245 322 423 485 486 487
101 9 2 10 12 260 419 412 488 489 490
102 9 2 10 12 196 241 328 476 491 492
103 9 2 10 12 223 329 278 493 494 479
104 9 2 10 12 173 396 243 495 496 497
105 9 2 10 12 172 302 282 498 499 500
106 9 2 10 12 174 260 412 501 490 502
107 9 2 10 12 67 356 358 503 504 505
108 9 2 10 12 234 392 253 506 507 508
109 9 2 10 12 183 253 392 509 507 510
110 9 2 10 12 287 386 364 511 512 513
111 9 2 10 12 136 274 137 514 515 143
112 9 2 10 12 235 393 268 516 517 518
113 9 2 10 12 268 393 392 517 519 520
114 9 2 10 12 202 353 422 521 483 522
115 9 2 10 12 30 382 253 523 524 525
116 9 2 10 12 83 328 241 526 491 454
117 9 2 10 12 209 282 302 527 499 528
118 9 2 10 12 406 242 321 529 530 531
119 9 2 10 12 67 68 356 92 532 503
120 9 2 10 12 16 17 254 41 533 534
121 9 2 10 12 172 282 322 500 535 536
122 9 2 10 12 198 239 439 473 537 538
123 9 2 10 12 69 252 356 539 540 541
124 9 2 10 12 215 287 364 542 513 543
125 9 2 10 12 206 270 273 544 545 546
126 9 2 10 12 191 426 236 547 548 549
127 9 2 10 12 173 443 265 550 551 552
128 9 2 10 12 84 294 328 553 554 555
129 9 2 10 12 239 412 419 472 489 556
130 9 2 10 12 192 238 203 557 558 559
131 9 2 10 12 150 151 262 158 560 561
132 9 2 10 12 173 243 287 497 562 563
133 9 2 10 12 198 273 270 564 545 565
134 9 2 10 12 182 241 326 566 475 567
135 9 2 10 12 308 423 322 568 486 569
136 9 2 10 12 179 410 261 570 571 572
137 9 2 10 12 196 265 258 573 574 575
138 9 2 10 12 198 270 412 565 576 471
139 9 2 10 12 198 288 317 577 578 579
140 9 2 10 12 240 425 260 580 581 582
141 9 2 10 12 262 398 331 583 584 585
142 9 2 10 12 193 279 264 586 587 588
143 9 2 10 12 208 257 327 589 590 591
144 9 2 10 12 233 352 275 592 593 594
145 9 2 10 12 195 331 398 595 584 596
146 9 2 10 12 198 317 273 579 597 564
147 9 2 10 12 25 296 249 598 599 465
148 9 2 10 12 28 297 250 600 601 467
149 9 2 10 12 77 251 298 464 602 603
150 9 2 10 12 190 321 399 604 605 606
151 9 2 10 12 32 357 382 607 608 609
152 9 2 10 12 80 360 255 610 611 612
153 9 2 10 12 196 330 265 613 614 573
154 9 2 10 12 22 303 246 615 616 461
155 9 2 10 12 72 305 247 617 618 457
156 9 2 10 12 71 247 306 458 619 620
157 9 2 10 12 74 248 304 460 621 622
158 9 2 10 12 24 249 307 466 623 624
159 9 2 10 12 82 83 309 107 456 625
160 9 2 10 12 84 85 294 109 626 553
161 9 2 10 12 427 312 277 627 628 629
162 9 2 10 12 182 370 241 630 631 566
163 9 2 10 12 30 31 382 55 632 523
164 9 2 10 12 215 364 254 543 633 634
165 9 2 10 12 184 250 376 635 636 637
166 9 2 10 12 185 249 375 638 639 640
167 9 2 10 12 21 246 337 462 641 642
168 9 2 10 12 78 336 251 643 644 463
169 9 2 10 12 383 185 248 645 646 647
170 9 2 10 12 184 384 250 648 649 635
171 9 2 10 12 75 319 248 650 651 459
172 9 2 10 12 27 250 320 468 652 653
173 9 2 10 12 140 278 329 654 494 655
174 9 2 10 12 234 253 382 508 524 656
175 9 2 10 12 185 368 249 657 658 638
176 9 2 10 12 184 247 367 659 660 661
177 9 2 10 12 240 260 424 582 662 663
178 9 2 10 12 449 246 186 664 665 666
179 9 2 10 12 246 347 186 667 668 665
180 9 2 10 12 248 185 348 646 669 670
181 9 2 10 12 184 349 247 671 672 659
182 9 2 10 12 229 387 255 673 674 675
183 9 2 10 12 187 255 387 676 674 677
184 9 2 10 12 69 325 252 678 679 539
185 9 2 10 12 188 260 425 680 581 681
186 9 2 10 12 215 254 385 634 682 683
187 9 2 10 12 207 424 260 684 662 685
188 9 2 10 12 124 275 125 686 687 131
189 9 2 10 12 139 278 140 688 654 146
190 9 2 10 12 181 244 374 689 690 691
191 9 2 10 12 224 344 263 692 693 694
192 9 2 10 12 257 421 327 695 696 590
193 9 2 10 12 31 32 382 56 609 632
194 9 2 10 12 195 263 331 697 698 595
195 9 2 10 12 196 258 326 575 699 474
196 9 2 10 12 191 236 417 549 700 701
197 9 2 10 12 204 264 279 702 587 703
198 9 2 10 12 19 334 256 704 705 706
199 9 2 10 12 80 255 333 612 707 708
200 9 2 10 12 214 242 406 709 529 710
201 9 2 10 12 30 253 323 525 711 712
202 9 2 10 12 183 420 253 713 714 509
203 9 2 10 12 244 222 374 715 716 690
204 9 2 10 12 124 400 275 717 718 686
205 9 2 10 12 196 294 330 719 720 613
206 9 2 10 12 258 265 443 574 551 721
207 9 2 10 12 16 254 364 534 633 722
208 9 2 10 12 68 69 356 93 541 532
209 9 2 10 12 174 369 260 723 724 501
210 9 2 10 12 206 281 270 725 726 544
211 9 2 10 12 208 373 269 727 728 729
212 9 2 10 12 59 60 268 64 730 731
213 9 2 10 12 26 320 296 732 733 734
214 9 2 10 12 76 298 319 735 736 737
215 9 2 10 12 17 351 254 738 739 533
216 9 2 10 12 230 254 351 740 739 741
217 9 2 10 12 171 324 276 742 743 744
218 9 2 10 12 263 344 438 693 745 746
219 9 2 10 12 187 389 255 747 748 676
220 9 2 10 12 264 313 450 749 478 750
221 9 2 10 12 200 322 232 751 752 452
222 9 2 10 12 190 220 275 753 754 755
223 9 2 10 12 180 427 277 756 629 757
224 9 2 10 12 229 255 360 675 611 758
225 9 2 10 12 226 311 365 759 760 761
226 9 2 10 12 19 256 401 706 762 763
227 9 2 10 12 405 222 244 764 715 765
228 9 2 10 12 197 407 410 766 767 768
229 9 2 10 12 204 233 313 769 770 771
230 9 2 10 12 226 365 378 761 772 773
231 9 2 10 12 197 267 220 774 775 776
232 9 2 10 12 172 245 409 777 778 779
233 9 2 10 12 233 275 400 594 718 780
234 9 2 10 12 174 270 281 781 726 782
235 9 2 10 12 151 310 262 783 784 560
236 9 2 10 12 230 380 254 785 786 740
237 9 2 10 12 193 264 280 588 787 788
238 9 2 10 12 194 259 219 789 790 791
239 9 2 10 12 181 318 244 792 793 689
240 9 2 10 12 178 340 265 794 795 796
241 9 2 10 12 280 329 394 797 798 799
242 9 2 10 12 176 289 273 800 801 802
243 9 2 10 12 23 307 303 803 804 805
244 9 2 10 12 73 304 305 806 807 808
245 9 2 10 12 206 273 289 546 801 809
246 9 2 10 12 9 10 353 34 484 810
247 9 2 10 12 206 283 281 811 812 725
248 9 2 10 12 194 231 259 813 814 789
249 9 2 10 12 271 272 341 815 816 817
250 9 2 10 12 141 329 280 818 797 819
251 9 2 10 12 186 377 378 820 821 822
252 9 2 10 12 222 345 269 823 824 825
253 9 2 10 12 433 200 359 826 451 827
254 9 2 10 12 191 278 221 828 829 830
255 9 2 10 12 181 269 373 831 728 832
256 9 2 10 12 83 84 328 108 555 526
257 9 2 10 12 176 291 279 833 834 835
258 9 2 10 12 125 275 371 687 836 837
259 9 2 10 12 137 274 440 515 838 839
260 9 2 10 12 176 317 291 840 841 833
261 9 2 10 12 191 363 278 842 480 828
262 9 2 10 12 80 81 360 105 843 610
263 9 2 10 12 171 405 244 844 765 845
264 9 2 10 12 172 322 245 536 485 777
265 9 2 10 12 235 358 356 846 504 847
266 9 2 10 12 117 118 271 121 848 849
267 9 2 10 12 136 346 274 850 851 514
268 9 2 10 12 196 328 294 492 554 719
269 9 2 10 12 224 263 312 694 852 853
270 9 2 10 12 150 262 331 561 585 854
271 9 2 10 12 216 296 320 855 733 856
272 9 2 10 12 218 319 298 857 736 858
273 9 2 10 12 195 266 366 859 860 861
274 9 2 10 12 227 342 291 862 863 864
275 9 2 10 12 139 381 278 865 866 688
276 9 2 10 12 261 410 407 571 767 867
277 9 2 10 12 251 378 377 868 821 869
278 9 2 10 12 195 312 263 870 852 697
279 9 2 10 12 198 439 332 538 871 872
280 9 2 10 12 207 262 310 873 784 874
281 9 2 10 12 204 445 233 875 876 769
282 9 2 10 12 193 290 279 877 878 586
283 9 2 10 12 2 58 357 62 879 880
284 9 2 10 12 2 357 32 880 607 57
285 9 2 10 12 3 67 358 91 505 881
286 9 2 10 12 3 358 61 881 882 66
287 9 2 10 12 178 265 330 796 614 883
288 9 2 10 12 176 290 289 884 885 800
289 9 2 10 12 208 292 373 886 887 727
290 9 2 10 12 205 281 283 888 812 889
291 9 2 10 12 242 399 321 890 605 530
292 9 2 10 12 221 238 404 891 892 893
293 9 2 10 12 212 303 307 894 804 895
294 9 2 10 12 210 305 304 896 807 897
295 9 2 10 12 228 354 355 898 899 900
296 9 2 10 12 222 269 374 825 901 716
297 9 2 10 12 173 265 340 552 795 902
298 9 2 10 12 189 399 242 903 890 904
299 9 2 10 12 232 322 282 752 535 905
300 9 2 10 12 288 332 405 906 907 908
301 9 2 10 12 203 238 274 558 909 910
302 9 2 10 12 220 371 275 911 836 754
303 9 2 10 12 236 426 237 548 912 913
304 9 2 10 12 207 260 369 685 724 914
305 9 2 10 12 190 275 352 755 593 915
306 9 2 10 12 197 219 267 916 917 774
307 9 2 10 12 173 284 396 918 919 495
308 9 2 10 12 171 244 324 845 920 742
309 9 2 10 12 188 269 345 921 824 922
310 9 2 10 12 207 266 398 923 924 925
311 9 2 10 12 15 364 386 926 512 927
312 9 2 10 12 8 164 292 167 928 929
313 9 2 10 12 208 372 257 930 931 589
314 9 2 10 12 176 279 290 835 878 884
315 9 2 10 12 204 279 291 703 834 932
316 9 2 10 12 230 401 391 933 934 935
317 9 2 10 12 180 308 272 936 937 938
318 9 2 10 12 232 416 236 939 940 941
319 9 2 10 12 141 280 450 819 942 943
320 9 2 10 12 195 366 277 861 944 945
321 9 2 10 12 191 417 363 701 946 842
322 9 2 10 12 171 276 395 744 947 948
323 9 2 10 12 188 419 260 949 488 680
324 9 2 10 12 215 258 443 950 721 951
325 9 2 10 12 207 398 262 925 583 873
326 9 2 10 12 176 273 317 802 597 840
327 9 2 10 12 171 288 405 952 908 844
328 9 2 10 12 172 283 302 953 954 498
329 9 2 10 12 227 317 288 955 578 956
330 9 2 10 12 230 391 295 935 957 958
331 9 2 10 12 224 272 271 959 815 960
332 9 2 10 12 118 344 271 961 962 848
333 9 2 10 12 223 394 329 963 798 493
334 9 2 10 12 195 277 312 945 628 870
335 9 2 10 12 88 359 444 964 965 966
336 9 2 10 12 295 391 387 957 967 968
337 9 2 10 12 195 398 266 596 924 859
338 9 2 10 12 25 26 296 50 734 598
339 9 2 10 12 28 29 297 53 969 600
340 9 2 10 12 76 77 298 101 603 735
341 9 2 10 12 192 404 238 970 892 557
342 9 2 10 12 179 261 343 572 971 972
343 9 2 10 12 22 23 303 47 805 615
344 9 2 10 12 70 71 306 95 620 973
345 9 2 10 12 72 73 305 97 808 617
346 9 2 10 12 73 74 304 98 622 806
347 9 2 10 12 23 24 307 48 624 803
348 9 2 10 12 221 278 381 829 866 974
349 9 2 10 12 206 302 283 975 954 811
350 9 2 10 12 193 293 290 976 977 877
351 9 2 10 12 183 393 437 978 979 980
352 9 2 10 12 194 413 284 981 982 983
353 9 2 10 12 29 323 297 984 985 969
354 9 2 10 12 206 289 302 809 986 975
355 9 2 10 12 205 411 281 987 988 888
356 9 2 10 12 256 391 401 989 934 762
357 9 2 10 12 75 76 319 100 737 650
358 9 2 10 12 26 27 320 51 653 732
359 9 2 10 12 79 333 336 990 991 992
360 9 2 10 12 20 337 334 993 994 995
361 9 2 10 12 192 388 431 996 997 998
362 9 2 10 12 242 379 432 999 1000 1001
363 9 2 10 12 227 291 317 864 841 955
364 9 2 10 12 5 141 450 148 943 477
365 9 2 10 12 207 369 266 914 1002 923
366 9 2 10 12 208 269 372 729 1003 930
367 9 2 10 12 19 20 334 44 995 704
368 9 2 10 12 79 80 333 104 708 990
369 9 2 10 12 209 289 290 1004 885 1005
370 9 2 10 12 210 299 314 1006 1007 1008
371 9 2 10 12 218 301 316 1009 1010 1011
372 9 2 10 12 211 300 315 1012 1013 1014
373 9 2 10 12 217 315 300 1015 1013 1016
374 9 2 10 12 216 314 299 1017 1007 1018
375 9 2 10 12 212 316 301 1019 1010 1020
376 9 2 10 12 201 228 355 1021 900 1022
377 9 2 10 12 59 268 403 731 1023 1024
378 9 2 10 12 234 403 268 1025 1023 1026
379 9 2 10 12 60 402 268 1027 1028 730
380 9 2 10 12 235 268 402 518 1028 1029
381 9 2 10 12 78 79 336 103 992 643
382 9 2 10 12 20 21 337 45 642 993
383 9 2 10 12 69 70 325 94 1030 678
384 9 2 10 12 208 327 292 591 1031 886
385 9 2 10 12 234 382 357 656 608 1032
386 9 2 10 12 201 361 228 1033 1034 1021
387 9 2 10 12 88 237 431 1035 1036 1037
388 9 2 10 12 227 397 342 1038 1039 862
389 9 2 10 12 149 331 438 1040 1041 1042
390 9 2 10 12 12 13 261 37 1043 1044
391 9 2 10 12 174 412 270 502 576 781
392 9 2 10 12 151 152 310 159 1045 783
393 9 2 10 12 266 369 411 1002 1046 1047
394 9 2 10 12 204 313 264 771 749 702
395 9 2 10 12 166 286 355 1048 1049 1050
396 9 2 10 12 188 372 269 1051 1003 921
397 9 2 10 12 217 297 323 1052 985 1053
398 9 2 10 12 1 286 166 1054 1048 170
399 9 2 10 12 4 116 285 119 1055 1056
400 9 2 10 12 165 166 355 169 1050 1057
401 9 2 10 12 267 446 371 1058 1059 1060
402 9 2 10 12 234 268 392 1026 520 506
403 9 2 10 12 183 392 393 510 519 978
404 9 2 10 12 149 150 331 157 854 1040
405 9 2 10 12 259 414 338 1061 1062 1063
406 9 2 10 12 224 271 344 960 962 692
407 9 2 10 12 209 302 289 528 986 1004
408 9 2 10 12 259 346 414 1064 1065 1061
409 9 2 10 12 219 338 267 1066 1067 917
410 9 2 10 12 202 244 318 1068 793 1069
411 9 2 10 12 200 308 322 1070 569 751
412 9 2 10 12 127 338 128 1071 1072 134
413 9 2 10 12 127 446 338 1073 1074 1071
414 9 2 10 12 411 369 174 1046 723 1075
415 9 2 10 12 220 267 371 775 1060 911
416 9 2 10 12 186 301 377 1076 1077 820
417 9 2 10 12 184 376 300 637 1078 1079
418 9 2 10 12 185 375 299 640 1080 1081
419 9 2 10 12 89 90 433 114 1082 1083
420 9 2 10 12 128 338 414 1072 1062 1084
421 9 2 10 12 116 117 341 120 1085 1086
422 9 2 10 12 215 434 258 1087 1088 950
423 9 2 10 12 205 408 277 1089 1090 1091
424 9 2 10 12 70 306 325 973 1092 1030
425 9 2 10 12 213 330 294 1093 720 1094
426 9 2 10 12 180 423 308 1095 568 936
427 9 2 10 12 241 370 309 631 1096 455
428 9 2 10 12 209 418 282 1097 1098 527
429 9 2 10 12 214 379 242 1099 999 709
430 9 2 10 12 116 341 285 1086 1100 1055
431 9 2 10 12 219 259 338 790 1063 1066
432 9 2 10 12 214 276 324 1101 743 1102
433 9 2 10 12 203 274 231 910 1103 1104
434 9 2 10 12 164 165 354 168 1105 1106
435 9 2 10 12 202 324 244 1107 920 1068
436 9 2 10 12 177 321 352 1108 1109 1110
437 9 2 10 12 13 343 261 1111 971 1043
438 9 2 10 12 8 292 327 929 1031 1112
439 9 2 10 12 8 327 155 1112 1113 163
440 9 2 10 12 88 444 237 966 1114 1035
441 9 2 10 12 205 409 408 1115 1116 1089
442 9 2 10 12 164 354 292 1106 1117 928
443 9 2 10 12 179 284 413 1118 982 1119
444 9 2 10 12 29 30 323 54 712 984
445 9 2 10 12 6 414 346 1120 1065 1121
446 9 2 10 12 88 89 359 113 1122 964
447 9 2 10 12 252 437 393 1123 979 1124
448 9 2 10 12 232 236 359 941 1125 453
449 9 2 10 12 193 394 293 1126 1127 976
450 9 2 10 12 140 329 141 655 818 147
451 9 2 10 12 198 332 288 872 906 577
452 9 2 10 12 263 438 331 746 1041 698
453 9 2 10 12 192 203 436 559 1128 1129
454 9 2 10 12 6 346 136 1121 850 142
455 9 2 10 12 126 371 446 1130 1059 1131
456 9 2 10 12 205 366 411 1132 1133 987
457 9 2 10 12 209 290 293 1005 977 1134
458 9 2 10 12 201 286 353 1135 1136 1137
459 9 2 10 12 194 284 430 983 1138 1139
460 9 2 10 12 267 338 446 1067 1074 1058
461 9 2 10 12 224 427 272 1140 1141 959
462 9 2 10 12 442 197 220 1142 776 1143
463 9 2 10 12 194 219 413 791 1144 981
464 9 2 10 12 184 367 314 661 1145 1146
465 9 2 10 12 185 316 368 1147 1148 657
466 9 2 10 12 18 19 401 43 763 1149
467 9 2 10 12 211 325 306 1150 1092 1151
468 9 2 10 12 215 443 287 951 1152 542
469 9 2 10 12 228 373 292 1153 887 1154
470 9 2 10 12 181 374 269 691 901 831
471 9 2 10 12 231 346 259 1155 1064 814
472 9 2 10 12 186 347 301 668 1156 1076
473 9 2 10 12 185 299 348 1081 1157 669
474 9 2 10 12 184 300 349 1079 1158 671
475 9 2 10 12 152 350 310 1159 1160 1045
476 9 2 10 12 251 336 378 644 1161 868
477 9 2 10 12 226 378 336 773 1161 1162
478 9 2 10 12 238 381 440 1163 1164 1165
479 9 2 10 12 264 450 280 750 942 787
480 9 2 10 12 199 339 285 1166 1167 1168
481 9 2 10 12 86 87 388 111 1169 1170
482 9 2 10 12 190 399 220 606 1171 753
483 9 2 10 12 231 274 346 1103 851 1155
484 9 2 10 12 87 88 431 112 1037 1172
485 9 2 10 12 172 409 283 779 1173 953
486 9 2 10 12 217 323 420 1053 1174 1175
487 9 2 10 12 253 420 323 714 1174 711
488 9 2 10 12 183 437 315 980 1176 1177
489 9 2 10 12 226 336 333 1162 991 1178
490 9 2 10 12 225 334 337 1179 994 1180
491 9 2 10 12 186 365 449 1181 1182 666
492 9 2 10 12 87 431 388 1172 997 1169
493 9 2 10 12 10 11 379 35 1183 1184
494 9 2 10 12 181 373 361 832 1185 1186
495 9 2 10 12 204 291 342 932 863 1187
496 9 2 10 12 153 154 335 161 1188 1189
497 9 2 10 12 194 429 231 1190 1191 813
498 9 2 10 12 187 391 390 1192 1193 1194
499 9 2 10 12 205 277 366 1091 944 1132
500 9 2 10 12 177 397 406 1195 1196 1197
501 9 2 10 12 190 352 321 915 1109 604
502 9 2 10 12 212 347 303 1198 1199 894
503 9 2 10 12 246 303 347 616 1199 667
504 9 2 10 12 247 349 306 672 1200 619
505 9 2 10 12 248 348 304 670 1201 621
506 9 2 10 12 211 306 349 1151 1200 1202
507 9 2 10 12 210 304 348 897 1201 1203
508 9 2 10 12 117 271 341 849 817 1085
509 9 2 10 12 125 371 126 837 1130 132
510 9 2 10 12 11 12 447 36 1204 1205
511 9 2 10 12 7 344 118 1206 961 122
512 9 2 10 12 204 342 445 1187 1207 875
513 9 2 10 12 256 390 391 1208 1193 989
514 9 2 10 12 174 281 411 782 988 1075
515 9 2 10 12 123 313 400 470 1209 1210
516 9 2 10 12 229 435 309 1211 1212 1213
517 9 2 10 12 138 381 139 1214 865 145
518 9 2 10 12 180 272 427 938 1141 756
519 9 2 10 12 213 448 388 1215 1216 1217
520 9 2 10 12 138 440 381 1218 1164 1214
521 9 2 10 12 255 389 333 748 1219 707
522 9 2 10 12 226 333 389 1178 1219 1220
523 9 2 10 12 256 334 390 705 1221 1208
524 9 2 10 12 225 390 334 1222 1221 1179
525 9 2 10 12 14 15 386 39 927 1223
526 9 2 10 12 185 383 316 645 1224 1147
527 9 2 10 12 184 314 384 1146 1225 648
528 9 2 10 12 228 361 373 1034 1185 1153
529 9 2 10 12 216 375 296 1226 1227 855
530 9 2 10 12 217 376 297 1228 1229 1052
531 9 2 10 12 218 298 377 858 1230 1231
532 9 2 10 12 216 299 375 1018 1080 1226
533 9 2 10 12 217 300 376 1016 1078 1228
534 9 2 10 12 218 377 301 1231 1077 1009
535 9 2 10 12 199 272 308 1232 937 1233
536 9 2 10 12 221 381 238 974 1163 891
537 9 2 10 12 152 153 350 160 1234 1159
538 9 2 10 12 175 293 415 1235 1236 1237
539 9 2 10 12 11 447 432 1205 1238 1239
540 9 2 10 12 17 18 351 42 1240 738
541 9 2 10 12 173 287 443 563 1152 550
542 9 2 10 12 182 295 370 1241 1242 630
543 9 2 10 12 229 370 295 1243 1242 1244
544 9 2 10 12 180 277 408 757 1090 1245
545 9 2 10 12 212 301 347 1020 1156 1198
546 9 2 10 12 210 348 299 1203 1157 1006
547 9 2 10 12 211 349 300 1202 1158 1012
548 9 2 10 12 199 341 272 1246 816 1232
549 9 2 10 12 153 335 350 1189 1247 1234
550 9 2 10 12 11 432 379 1239 1000 1183
551 9 2 10 12 183 315 420 1177 1248 713
552 9 2 10 12 230 351 401 741 1249 933
553 9 2 10 12 173 340 284 902 1250 918
554 9 2 10 12 227 395 397 1251 1252 1038
555 9 2 10 12 247 305 367 618 1253 660
556 9 2 10 12 210 367 305 1254 1253 896
557 9 2 10 12 212 307 368 895 1255 1256
558 9 2 10 12 249 368 307 658 1255 623
559 9 2 10 12 252 325 437 679 1257 1123
560 9 2 10 12 211 437 325 1258 1257 1150
561 9 2 10 12 197 410 219 768 1259 916
562 9 2 10 12 58 59 403 63 1024 1260
563 9 2 10 12 60 61 402 65 1261 1027
564 9 2 10 12 248 319 383 651 1262 647
565 9 2 10 12 218 383 319 1263 1262 857
566 9 2 10 12 216 320 384 856 1264 1265
567 9 2 10 12 250 384 320 649 1264 652
568 9 2 10 12 257 425 335 1266 1267 1268
569 9 2 10 12 15 16 364 40 722 926
570 9 2 10 12 201 318 361 1269 1270 1033
571 9 2 10 12 240 335 425 1271 1267 580
572 9 2 10 12 189 242 432 904 1001 1272
573 9 2 10 12 13 14 441 38 1273 1274
574 9 2 10 12 155 327 421 1113 696 1275
575 9 2 10 12 179 396 284 1276 919 1118
576 9 2 10 12 201 355 286 1022 1049 1135
577 9 2 10 12 178 330 362 883 1277 1278
578 9 2 10 12 181 361 318 1186 1270 792
579 9 2 10 12 191 221 426 830 1279 547
580 9 2 10 12 236 237 444 913 1114 1280
581 9 2 10 12 165 355 354 1057 899 1105
582 9 2 10 12 205 283 409 889 1173 1115
583 9 2 10 12 249 296 375 599 1227 639
584 9 2 10 12 250 297 376 601 1229 636
585 9 2 10 12 251 377 298 869 1230 602
586 9 2 10 12 214 324 422 1102 1281 1282
587 9 2 10 12 7 438 344 1283 745 1206
588 9 2 10 12 230 295 380 958 1284 785
589 9 2 10 12 182 380 295 1285 1284 1241
590 9 2 10 12 225 365 311 1286 760 1287
591 9 2 10 12 229 309 370 1213 1096 1243
592 9 2 10 12 243 386 287 1288 511 562
593 9 2 10 12 154 421 335 1289 1290 1188
594 9 2 10 12 243 441 386 1291 1292 1288
595 9 2 10 12 199 285 341 1168 1100 1246
596 9 2 10 12 85 86 448 110 1293 1294
597 9 2 10 12 229 295 387 1244 968 673
598 9 2 10 12 187 390 311 1194 1295 1296
599 9 2 10 12 187 311 389 1296 1297 747
600 9 2 10 12 210 314 367 1008 1145 1254
601 9 2 10 12 212 368 316 1256 1148 1019
602 9 2 10 12 193 280 394 788 799 1126
603 9 2 10 12 238 440 274 1165 838 909
604 9 2 10 12 240 350 335 1298 1247 1271
605 9 2 10 12 227 288 395 956 1299 1251
606 9 2 10 12 175 418 293 1300 1301 1235
607 9 2 10 12 229 360 435 758 1302 1211
608 9 2 10 12 86 388 448 1170 1216 1293
609 9 2 10 12 7 149 438 156 1042 1283
610 9 2 10 12 245 408 409 1303 1116 778
611 9 2 10 12 213 294 448 1094 1304 1215
612 9 2 10 12 123 400 124 1210 717 130
613 9 2 10 12 175 416 418 1305 1306 1300
614 9 2 10 12 218 316 383 1011 1224 1263
615 9 2 10 12 216 384 314 1265 1225 1017
616 9 2 10 12 182 326 434 567 1307 1308
617 9 2 10 12 226 389 311 1220 1297 759
618 9 2 10 12 225 311 390 1287 1295 1222
619 9 2 10 12 171 395 288 948 1299 952
620 9 2 10 12 186 378 365 822 772 1181
621 9 2 10 12 293 394 415 1127 1309 1236
622 9 2 10 12 81 82 435 106 1310 1311
623 9 2 10 12 257 335 421 1268 1290 695
624 9 2 10 12 228 292 354 1154 1117 898
625 9 2 10 12 177 406 321 1197 531 1108
626 9 2 10 12 187 387 391 677 967 1192
627 9 2 10 12 276 406 397 1312 1196 1313
628 9 2 10 12 213 388 436 1217 1314 1315
629 9 2 10 12 154 155 421 162 1275 1289
630 9 2 10 12 6 128 414 135 1084 1120
631 9 2 10 12 252 393 356 1124 1316 540
632 9 2 10 12 235 356 393 847 1316 516
633 9 2 10 12 202 422 324 522 1281 1107
634 9 2 10 12 223 363 415 481 1317 1318
635 9 2 10 12 13 441 343 1274 1319 1111
636 9 2 10 12 310 350 424 1160 1320 1321
637 9 2 10 12 12 261 447 1044 1322 1204
638 9 2 10 12 203 231 428 1104 1323 1324
639 9 2 10 12 224 312 427 853 627 1140
640 9 2 10 12 276 397 395 1313 1252 947
641 9 2 10 12 82 309 435 625 1212 1310
642 9 2 10 12 179 343 396 972 1325 1276
643 9 2 10 12 58 403 357 1260 1326 879
644 9 2 10 12 61 358 402 882 1327 1261
645 9 2 10 12 178 430 340 1328 1329 794
646 9 2 10 12 217 420 315 1175 1248 1015
647 9 2 10 12 192 436 388 1129 1314 996
648 9 2 10 12 257 372 425 931 1330 1266
649 9 2 10 12 182 434 385 1308 1331 1332
650 9 2 10 12 137 440 138 839 1218 144
651 9 2 10 12 207 310 424 874 1321 684
652 9 2 10 12 14 386 441 1223 1292 1273
653 9 2 10 12 211 315 437 1014 1176 1258
654 9 2 10 12 258 434 326 1088 1307 699
655 9 2 10 12 236 416 417 940 1333 700
656 9 2 10 12 126 446 127 1131 1073 133
657 9 2 10 12 254 380 385 786 1334 682
658 9 2 10 12 209 293 418 1134 1301 1097
659 9 2 10 12 261 407 447 867 1335 1322
660 9 2 10 12 222 405 332 764 907 1336
661 9 2 10 12 213 362 330 1337 1277 1093
662 9 2 10 12 282 418 416 1098 1306 1338
663 9 2 10 12 182 385 380 1332 1334 1285
664 9 2 10 12 178 429 430 1339 1340 1328
665 9 2 10 12 85 448 294 1294 1304 626
666 9 2 10 12 201 353 318 1137 1341 1269
667 9 2 10 12 236 444 359 1280 965 1125
668 9 2 10 12 188 425 372 681 1330 1051
669 9 2 10 12 233 400 313 780 1209 770
670 9 2 10 12 199 308 339 1233 1342 1166
671 9 2 10 12 203 428 362 1324 1343 1344
672 9 2 10 12 188 345 419 922 1345 949
673 9 2 10 12 192 431 404 998 1346 970
674 9 2 10 12 9 353 286 810 1136 1347
675 9 2 10 12 221 404 426 893 1348 1279
676 9 2 10 12 213 436 362 1315 1349 1337
677 9 2 10 12 18 401 351 1149 1249 1240
678 9 2 10 12 222 332 439 1336 871 1350
679 9 2 10 12 284 340 430 1250 1329 1138
680 9 2 10 12 225 337 449 1180 1351 1352
681 9 2 10 12 246 449 337 664 1351 641
682 9 2 10 12 235 402 358 1029 1327 846
683 9 2 10 12 234 357 403 1032 1326 1025
684 9 2 10 12 239 419 345 556 1345 1353
685 9 2 10 12 214 406 276 710 1312 1101
686 9 2 10 12 90 285 339 1354 1167 1355
687 9 2 10 12 175 415 363 1237 1317 1356
688 9 2 10 12 215 385 434 683 1331 1087
689 9 2 10 12 177 342 397 1357 1039 1195
690 9 2 10 12 266 411 366 1047 1133 860
691 9 2 10 12 220 399 442 1171 1358 1143
692 9 2 10 12 233 445 352 876 1359 592
693 9 2 10 12 203 362 436 1344 1349 1128
694 9 2 10 12 81 435 360 1311 1302 843
695 9 2 10 12 219 410 413 1259 1360 1144
696 9 2 10 12 214 422 379 1282 1361 1099
697 9 2 10 12 239 345 439 1353 1362 537
698 9 2 10 12 232 282 416 905 1338 939
699 9 2 10 12 197 442 407 1142 1363 766
700 9 2 10 12 178 362 428 1278 1343 1364
701 9 2 10 12 177 352 445 1110 1359 1365
702 9 2 10 12 240 424 350 663 1320 1298
703 9 2 10 12 243 396 343 496 1325 1366
704 9 2 10 12 222 439 345 1350 1362 823
705 9 2 10 12 223 415 394 1318 1309 963
706 9 2 10 12 177 445 342 1365 1207 1357
707 9 2 10 12 200 339 308 1367 1342 1070
708 9 2 10 12 175 363 417 1356 946 1368
709 9 2 10 12 225 449 365 1352 1182 1286
710 9 2 10 12 237 404 431 1369 1346 1036
711 9 2 10 12 200 433 339 826 1370 1367
712 9 2 10 12 231 429 428 1191 1371 1323
713 9 2 10 12 189 447 407 1372 1335 1373
714 9 2 10 12 202 318 353 1069 1341 521
715 9 2 10 12 243 343 441 1366 1319 1291
716 9 2 10 12 189 432 447 1272 1238 1372
717 9 2 10 12 175 417 416 1368 1333 1305
718 9 2 10 12 194 430 429 1139 1340 1190
719 9 2 10 12 10 379 422 1184 1361 482
720 9 2 10 12 189 407 442 1373 1363 1374
721 9 2 10 12 179 413 410 1119 1360 570
722 9 2 10 12 89 433 359 1083 827 1122
723 9 2 10 12 180 408 423 1245 1375 1095
724 9 2 10 12 90 339 433 1355 1370 1082
725 9 2 10 12 245 423 408 487 1375 1303
726 9 2 10 12 237 426 404 912 1348 1369
727 9 2 10 12 189 442 399 1374 1358 903
728 9 2 10 12 178 428 429 1364 1371 1339
729 9 2 10 12 1 9 286 33 1347 1054
730 9 2 10 12 4 285 90 1056 1354 115
$EndElements