$MeshFormat
2.2 0 8
$EndMeshFormat
$Nodes
800
1 0 0 0
2 1.5 0 0
3 5 0 0
4 5 1 0
5 1.5 1 0
6 0 1 0
7 0.6 0.52 0
8 0.8 0.52 0
9 0 0.7 0
10 0 0.3 0
11 0.1874999999992419 0 0
12 0.3749999999984601 0 0
13 0.5624999999977921 0 0
14 0.7499999999971457 0 0
15 0.9374999999978434 0 0
16 1.124999999998562 0 0
17 1.312499999999281 0 0
18 0.09374999999959803 0 0
19 0.2812499999988338 0 0
20 0.4687499999981143 0 0
21 0.6562499999974948 0 0
22 0.8437499999975117 0 0
23 1.031249999998239 0 0
24 1.218749999998973 0 0
25 1.406249999999718 0 0
26 1.696618590475606 0 0
27 1.895998369596312 0 0
28 2.098178282081775 0 0
29 2.303197690406603 0 0
30 2.51109648393414 0 0
31 2.72191502722368 0 0
32 2.935694224805205 0 0
33 3.152475934209253 0 0
34 3.372302055967509 0 0
35 3.595215422818364 0 0
36 3.821259529714101 0 0
37 4.050478212408478 0 0
38 4.282916068807987 0 0
39 4.51861831402913 0 0
40 4.757630794385659 0 0
41 1.598309295237812 0 0
42 1.796308480036002 0 0
43 1.997088325839044 0 0
44 2.200687986244224 0 0
45 2.407147087170312 0 0
46 2.616505755578923 0 0
47 2.828804626014392 0 0
48 3.044085079507203 0 0
49 3.262388995088024 0 0
50 3.483758739392793 0 0
51 3.708237476266226 0 0
52 3.935868871061281 0 0
53 4.166697140608467 0 0
54 4.40076719141864 0 0
55 4.63812455420724 0 0
56 4.878815397193009 0 0
57 5 0.2499999999994121 0
58 5 0.499999999998694 0
59 5 0.7499999999993416 0
60 5 0.1249999999997757 0
61 5 0.374999999999053 0
62 5 0.6249999999990178 0
63 5 0.8749999999996708 0
64 4.757630794382542 1 0
65 4.518618314026057 1 0
66 4.282916068805179 1 0
67 4.050478212405925 1 0
68 3.821259529711797 1 0
69 3.595215422816303 1 0
70 3.372302055967313 1 0
71 3.152475934209567 1 0
72 2.935694224803784 1 0
73 2.721915027222479 1 0
74 2.511096483933154 1 0
75 2.303197690405827 1 0
76 2.0981782820812 1 0
77 1.895998369595934 1 0
78 1.696618590475419 1 0
79 4.87881539719127 1 0
80 4.638124554204401 1 0
81 4.400767191415743 1 0
82 4.166697140605452 1 0
83 3.935868871058819 1 0
84 3.708237476263931 1 0
85 3.483758739391721 1 0
86 3.262388995088735 1 0
87 3.044085079506722 1 0
88 2.828804626013108 1 0
89 2.616505755577843 1 0
90 2.407147087169502 1 0
91 2.200687986243457 1 0
92 1.997088325838602 1 0
93 1.796308480035634 1 0
94 1.598309295237709 1 0
95 1.312500000000905 1 0
96 1.125000000001289 1 0
97 0.9375000000012396 1 0
98 0.7500000000020797 1 0
99 0.5625000000015757 1 0
100 0.3750000000010505 1 0
101 0.1875000000005254 1 0
102 1.406250000000441 1 0
103 1.218750000001047 1 0
104 1.031250000001276 1 0
105 0.843750000001677 1 0
106 0.6562500000018847 1 0
107 0.4687500000012277 1 0
108 0.2812500000009068 1 0
109 0.09375000000017231 1 0
110 0.6499999999997462 0.4333974596217027 0
111 0.7499999999998788 0.4333974596214862 0
112 0.6133974596214608 0.4700000000001652 0
113 0.6999999999997153 0.42 0
114 0.7866025403784251 0.4699999999999676 0
115 0.7500000000003104 0.6066025403782648 0
116 0.6500000000002217 0.606602540378572 0
117 0.7866025403785253 0.5699999999998592 0
118 0.7000000000005595 0.6200000000000001 0
119 0.6133974596217161 0.5700000000002773 0
120 0 0.8500000000001735 0
121 0 0.925000000000036 0
122 0 0.7749999999999313 0
123 0 0.5000000000005315 0
124 0 0.6000000000002657 0
125 0 0.4000000000002612 0
126 0 0.1500000000003847 0
127 0 0.2250000000001664 0
128 0 0.07500000000020571 0
129 1.290114257210297 0.4435030495213286 0
130 1.837476054067757 0.5327186601344335 0
131 2.40499271868545 0.49858020486743 0
132 0.375633432333359 0.303310403315347 0
133 1.04304030607179 0.3041851856210328 0
134 0.3217548789043475 0.6379566216751624 0
135 3.040735595157416 0.5227603520886555 0
136 1.042916506532467 0.7251861848885615 0
137 3.698448210717685 0.4686607709103817 0
138 4.382531588529472 0.4994524564374747 0
139 0.6966401569654322 0.2514937758392136 0
140 0.4828021667103346 0.7714149490200867 0
141 2.103119645503372 0.6585257069852578 0
142 2.725616083338068 0.6485911962957748 0
143 1.553645472283743 0.6884211182741441 0
144 1.537875845995731 0.3120074304328796 0
145 2.101395875852034 0.3380982521806338 0
146 3.372663862811038 0.6420840454675321 0
147 4.049804572338477 0.3382031076156189 0
148 0.728902543359395 0.7982653330753543 0
149 2.709048209613894 0.3217638204747558 0
150 0.4241444772149681 0.480326903380679 0
151 3.282155830928988 0.3050874575732383 0
152 1.028305418952042 0.5177685694282067 0
153 0.5178047381670736 0.2887906795583574 0
154 1.275603926121455 0.7497168678706389 0
155 1.282307780622265 0.2544235492813664 0
156 4.016434588289052 0.6812675896778545 0
157 0.231238270462565 0.4489865310366331 0
158 4.677506243119666 0.3201645590225979 0
159 4.661698887485798 0.6893648137075528 0
160 0.8850229490285345 0.2929777961216342 0
161 0.1650245587807478 0.773294632477306 0
162 0.1899751622998145 0.2273376075577041 0
163 1.769031370534554 0.71543501349657 0
164 1.802655903812083 0.2413109287058701 0
165 0.8854962312722239 0.73962971243019 0
166 0.4969842364864124 0.6485736050004973 0
167 2.406752641389367 0.7791605081188444 0
168 2.405703549083784 0.2342659317370064 0
169 2.940235863802827 0.2949036649004634 0
170 3.043412646497354 0.7681708267303757 0
171 3.577235569418952 0.2668382244688954 0
172 4.246589296596258 0.72754881112834 0
173 3.701899146655708 0.824068707023555 0
174 0.1224546757965434 0.6173989766879873 0
175 0.5310933781938232 0.4251882032717946 0
176 4.282523251564078 0.2697264376435892 0
177 3.810686321687741 0.306150668875957 0
178 0.4236980748018773 0.1572008663019195 0
179 0.3225368718022624 0.7597411905862266 0
180 0.8630718847530321 0.4202625493660002 0
181 1.1537563620553 0.5902607339096054 0
182 0.8603114836748689 0.6174360891919222 0
183 0.9765311995157857 0.1655271208320176 0
184 1.496622810266737 0.5000000000000059 0
185 0.5737538390854038 0.1560799237220389 0
186 1.971649238622939 0.8234426302573474 0
187 0.6990348756736093 0.3635340290527763 0
188 2.831943571808555 0.4740183886012308 0
189 2.610255840751923 0.8171942965355967 0
190 0.1223781281716122 0.3587819143825989 0
191 0.6023629529184176 0.7122113814080218 0
192 3.256766028976515 0.8127410259262274 0
193 2.193422718048201 0.4963910508529685 0
194 4.475024000598102 0.753104947409206 0
195 2.205923850969985 0.1795308577683961 0
196 2.82429011988138 0.8119318696506406 0
197 2.19706404406341 0.8252145860482946 0
198 0.8206755802451263 0.1345977305278981 0
199 3.12074435874326 0.1822080072952111 0
200 1.97527819173553 0.1729544472888267 0
201 2.011962372011979 0.5041954715641173 0
202 3.451409641275623 0.4269103036563974 0
203 1.416659310800918 0.8286251175447644 0
204 1.41328180385585 0.1719167315729556 0
205 1.128623318123463 0.4435918766983205 0
206 3.483758739391809 0.8210434364927604 0
207 0.9923675342986791 0.8630076200314285 0
208 1.133960443030223 0.191650337608623 0
209 1.140984361169822 0.8363145042943647 0
210 2.612074610607165 0.4965689796565716 0
211 0.7020539500402545 0.6902303642103858 0
212 0.2808820046795937 0.1156052760189407 0
213 0.8588532617867234 0.8801805331073945 0
214 4.169938900486687 0.513890970654469 0
215 1.622043870688385 0.8553890246771291 0
216 1.636001014388667 0.1711311492612275 0
217 3.239413886552867 0.5002642595033056 0
218 4.490824312530119 0.2282743694723035 0
219 1.402369643334221 0.3452446317266201 0
220 1.397778445905516 0.6331853424014426 0
221 2.599913234829978 0.1781109014503648 0
222 0.4089832659460047 0.6805255184007183 0
223 3.925419792950476 0.4899266833362053 0
224 4.811731203154713 0.5004552244996929 0
225 2.893199603336555 0.6450945266733354 0
226 3.572722625787047 0.6325077189825848 0
227 1.672408436739646 0.5618221289538895 0
228 2.781361312055117 0.1589556773651168 0
229 1.938438495438669 0.6520956599962815 0
230 4.11716918063189 0.1648091496210368 0
231 2.26107035353796 0.6515744113745591 0
232 1.702476814224328 0.3789474159819002 0
233 0.5901012612122277 0.8602417704043341 0
234 0.5045827992223074 0.535348431228885 0
235 1.911287262288698 0.3585774707773912 0
236 3.421863975727566 0.1740503753884777 0
237 0.2643119061147098 0.8837616091181193 0
238 2.551938378954395 0.6480190370948435 0
239 2.262287742527891 0.349373259481287 0
240 0.4378770687431128 0.3854713435134877 0
241 4.594689294539657 0.4955691416693863 0
242 0.4155634463541658 0.584947733198688 0
243 4.811530906537891 0.7999365745213792 0
244 4.816540932644706 0.2010641623265183 0
245 0.9185551128495992 0.5178626855926579 0
246 0.1221509559423198 0.1196571472628703 0
247 0.1217701018221087 0.8899748727226408 0
248 0.6157279672838717 0.3515815925829048 0
249 3.917686454560077 0.8286544678627363 0
250 0.4328753676403601 0.8791932531881277 0
251 2.546346464564054 0.3458579676372257 0
252 0.2585881831531584 0.3323223235095386 0
253 1.175609221011608 0.3274707997461342 0
254 3.187088218071079 0.6518084111930409 0
255 0.3242716696169544 0.5269709374511532 0
256 3.733490561706239 0.1396362185706698 0
257 4.642964573062712 0.8517150219259309 0
258 0.3419588502540195 0.4128980737011397 0
259 0.7787539732840973 0.3523331220002221 0
260 4.104540970412289 0.8439825578647209 0
261 0.9775591925078703 0.6210050497244628 0
262 3.124657107037071 0.3610447482721748 0
263 0.9790020789383259 0.4145640377210365 0
264 1.153315288969761 0.7253695727407925 0
265 0.68071391525818 0.1084342860178301 0
266 1.253410005501236 0.123598123692589 0
267 3.932020674885003 0.1480056681036218 0
268 0.2915947878452597 0.2257769567236881 0
269 0.7863558052248688 0.6895406142293865 0
270 0.1320837378287474 0.4926134248260454 0
271 0.2249524800157167 0.567489646500434 0
272 3.80543513649334 0.6541809896322195 0
273 3.269908431115315 0.1322691680513854 0
274 4.652224119341856 0.149900618164284 0
275 1.792565485712655 0.8848532094179482 0
276 1.796308480035959 0.1001471012525931 0
277 0.2275066800385576 0.6739862632254803 0
278 1.263664028961548 0.8794691913402905 0
279 0.5707859977254718 0.6045471916031953 0
280 0.07905012866341754 0.2272431974639384 0
281 0.08251227939037389 0.736647316238653 0
282 0.08251227939037389 0.8116473162387398 0
283 3.028219291774233 0.09110400364760557 0
284 3.030490111273044 0.2385558360978373 0
285 2.937965044304017 0.1474518324502317 0
286 1.228958500816936 0.2909471745137503 0
287 1.286211018916281 0.3489632994013475 0
288 1.232861739110952 0.3854869246337314 0
289 0.3996657535676181 0.2302556348086333 0
290 0.4707514064844754 0.2229957729301385 0
291 0.4467190852502163 0.2960505414368522 0
292 1.613026954511694 0.6251216236140168 0
293 1.7207199036371 0.6386285712252298 0
294 1.661338421409149 0.7019280658853571 0
295 1.214680144088377 0.6699888008901221 0
296 1.275767403980408 0.6117230381555241 0
297 1.336691186013486 0.6914511051360408 0
298 1.343946351557907 0.5383441959613856 0
299 1.221935309632799 0.516881891715467 0
300 0.4778409034550932 0.3371310115359225 0
301 0.4067552505382359 0.3443908734144173 0
302 1.803253712301156 0.6240768368155018 0
303 1.754942245403702 0.5472703945441615 0
304 0.656184062124652 0.3015376842110592 0
305 0.5667663527254727 0.3201861360706311 0
306 0.6072224475662529 0.2701422276987855 0
307 2.354975165897597 0.8895802540594222 0
308 2.45892456266126 0.8895802540594222 0
309 2.458400016508962 0.1171329658685032 0
310 2.354450619745194 0.1171329658685032 0
311 4.905865601577356 0.3752276122495525 0
312 4.814136067899709 0.3507596934131056 0
313 4.908270466322353 0.2255320811629651 0
314 4.905765453268946 0.7749682872603605 0
315 4.811631054846302 0.6501958995105361 0
316 4.905865601577356 0.6252276122495173 0
317 1.342338711978243 0.2998340905039932 0
318 1.346241950272259 0.3943738406239743 0
319 3.637841890068319 0.3677494976896386 0
320 3.693960945553346 0.2864944466724262 0
321 3.754567266202713 0.3874057198931694 0
322 0.06122733789827171 0.6586994883439936 0
323 0.1437396172886456 0.6953468045826466 0
324 4.436677950529795 0.3638634129548891 0
325 4.542756803534888 0.3619217555708449 0
326 4.488610441534565 0.4975107990534305 0
327 3.136610146476257 0.09110400364760557 0
328 1.69553762061147 0.7854120190868495 0
329 1.587844671486064 0.7719050714756366 0
330 2.989553435650569 0.8840854133651879 0
331 3.09794429035346 0.8840854133651879 0
332 4.736715045320255 0.5949100191036228 0
333 4.736614897011845 0.7446506941144659 0
334 4.747023587882186 0.2606143606745581 0
335 4.744618723137189 0.4103098917611454 0
336 0.6700506306071536 0.9301208852021671 0
337 0.6595019022858113 0.8292535517398443 0
338 0.7394512716807373 0.8991326665376771 0
339 4.53485664756888 0.6243370445392962 0
340 4.428777794563787 0.6262787019233403 0
341 4.264752682700719 0.8637744055641701 0
342 4.36080664859718 0.7403268792687729 0
343 4.378970034701641 0.876552473704603 0
344 4.332527420046775 0.384589447040532 0
345 4.386673782047099 0.2490004035579464 0
346 0.7908315529969834 0.2722357859804239 0
347 0.831888461156316 0.3226554590609281 0
348 0.7376970651247647 0.3019134489197178 0
349 4.905865601577356 0.5002276122491934 0
350 4.386870190669053 0.1141371847361518 0
351 4.282719660186032 0.1348632188217946 0
352 4.314560442562865 0.6135006337829074 0
353 3.970927190619764 0.5855971365070299 0
354 4.047679346718581 0.5019088269953371 0
355 4.09318674438787 0.5975792801661617 0
356 1.887957274753213 0.5924071600653575 0
357 1.853734932986612 0.6837653367464258 0
358 2.250130867234618 0.9126072930241473 0
359 2.301908342726388 0.8021875470835695 0
360 3.366782736102305 0.3659988806148178 0
361 3.352009903328277 0.239568916480858 0
362 3.436636808501595 0.3004803395224375 0
363 3.648557284736005 0.9120343535117774 0
364 3.761579338183752 0.9120343535117774 0
365 3.514322605347287 0.3468742640626464 0
366 3.499549772573259 0.2204442999286865 0
367 2.824642036708361 0.3083337426876096 0
368 2.886089717805691 0.3844610267508471 0
369 2.770495890711224 0.3978911045379933 0
370 0.9640316275501621 0.2985814908713335 0
371 0.9307770742721602 0.2292524584768259 0
372 1.009785752793788 0.2348561532265252 0
373 0.5457792886262387 0.2224353016401981 0
374 0.635196998025418 0.2037868497806262 0
375 0.5655466890969116 0.4725941016358973 0
376 0.5905466890967848 0.4292928314467486 0
377 4.56836144404195 0.7212348805583794 0
378 4.628194091012728 0.5924669776884695 0
379 0.6978375163195207 0.3075139024459949 0
380 0.6573814214787406 0.3575578108178406 0
381 4.504721313279624 0.1141371847361518 0
382 2.305813700026885 0.2068983947527013 0
383 2.254560770688294 0.08976542888419807 0
384 1.620176330110029 0.3454774232073899 0
385 1.599549812245533 0.4394737079909531 0
386 1.517249328131234 0.4060037152164427 0
387 2.936339583482985 0.4983893703449431 0
388 2.990485729480121 0.4088320084945594 0
389 0.5681269195415979 0.07803996186101943 0
390 0.4987259569436405 0.1566403950119792 0
391 0.4930990373998347 0.07860043315095977 0
392 2.508504241070645 0.7981774023272206 0
393 2.560676162342539 0.9085971482677984 0
394 4.208264098541473 0.6207198908914045 0
395 4.131511942442655 0.7044082004030973 0
396 4.166163911951278 0.3039647726296041 0
397 4.226231076025383 0.3918087041490291 0
398 4.109871736412583 0.4260470391350439 0
399 1.129480221514393 0.09582516880431151 0
400 1.055245821273005 0.1785887292203203 0
401 1.050765599757174 0.08276356041600878 0
402 0.7388944244788533 0.3579335755264992 0
403 3.868053057319108 0.3980386761060812 0
404 3.81193400183408 0.4792937271232935 0
405 1.687442625481987 0.4703847724678949 0
406 1.584515623503192 0.5309110644769477 0
407 0.1433973303014283 0.8316347525999734 0
408 0.06088505091105437 0.8699874363614071 0
409 4.636097768829662 0.4078668503459921 0
410 4.584165277824893 0.2742194642474507 0
411 4.49682115731208 0.876552473704603 0
412 4.276235244508079 0.5066717135459719 0
413 2.405348133884617 0.3664230683022182 0
414 2.333640230606671 0.4239767321743585 0
415 2.333995645805838 0.2918195956091467 0
416 2.475669591624752 0.4222190862523279 0
417 2.476025006823919 0.2900619496871161 0
418 2.879992172342582 0.9059659348253203 0
419 2.933851383189367 0.7900513481905082 0
420 1.20936878766688 0.4435474631098245 0
421 1.152116269567535 0.3855313382222274 0
422 2.405872680037409 0.6388703564931372 0
423 2.333911497463663 0.7153674597467017 0
424 2.333031536111705 0.5750773081209946 0
425 0.757629174292132 0.7439029736523704 0
426 0.8359260182485464 0.7145851633297883 0
427 0.8071993873158094 0.7689475227527722 0
428 0.06122733789827171 0.5586994883442593 0
429 0.06118906408580611 0.3293909571912994 0
430 0.06118906408580611 0.4293909571915652 0
431 2.15205106652588 0.08976542888419807 0
432 2.090601021352758 0.1762426525286114 0
433 2.036728236908652 0.08647722364441333 0
434 2.478465548819923 0.5732996209811367 0
435 2.479345510171881 0.713589772606844 0
436 3.987612182644476 0.4140648954759121 0
437 0.3993490374001687 0.07860043315095977 0
438 0.9570155997568146 0.08276356041600878 0
439 2.860798587928972 0.2269296711327901 0
440 2.858527768430161 0.07947783868255841 0
441 2.555504859382059 0.08905545072518241 0
442 2.502808391956881 0.2061884165936856 0
443 1.752566359018206 0.3101291723438852 0
444 1.669238914306497 0.2750392826215639 0
445 1.719328459100375 0.2062210389835488 0
446 0.8065359423764554 0.4268300044937432 0
447 0.8315359423765161 0.4701312746830001 0
448 3.574928925996654 0.4477855372833896 0
449 1.058683767149984 0.9315038100157143 0
450 1.066675947734251 0.8496610621628966 0
451 1.132992180585556 0.9181572521471824 0
452 1.011021192505058 0.3593746116710346 0
453 0.9320125139834302 0.3537709169213353 0
454 3.150089337736935 0.7904559263283015 0
455 3.204620981593041 0.9063705129631137 0
456 1.586938430192199 0.2415692898470536 0
457 3.586225496118658 0.1334191122344477 0
458 3.508539699272966 0.08702518769423884 0
459 0.7586578686052793 0.1930457531835559 0
460 0.8528492646368304 0.2137877633247662 0
461 1.214459607545608 0.7375432203057157 0
462 1.153535825512531 0.657815153325199 0
463 2.745204760834505 0.2403597489199363 0
464 3.539487081104055 0.9105217182463802 0
465 3.592828943023758 0.8225560717581577 0
466 3.032446485419949 0.3279742065863191 0
467 3.082696351097243 0.4419025501804151 0
468 3.930245447013109 0.3221768882457879 0
469 3.871353498286371 0.2270781684897895 0
470 3.99091262361174 0.2431043878596204 0
471 0.9649337671499594 0.9315038100157143 0
472 0.9642063689023455 0.7324079486593758 0
473 0.9315277118900471 0.6803173810773264 0
474 1.010237849520169 0.6730956173065121 0
475 0.7938779025730591 0.8392229330913744 0
476 0.8044266308944015 0.9400902665536972 0
477 3.042074120827385 0.6454655894095156 0
478 2.968306124916954 0.7066326767018556 0
479 2.966967599246985 0.5839274393809955 0
480 3.664352992262302 0.06981810928533491 0
481 3.655363065562595 0.2032372215197826 0
482 2.038337033793782 0.2555263497347302 0
483 2.15365986341101 0.2588145549745149 0
484 3.113911906614247 0.5872843816408482 0
485 3.115250432284216 0.7099896189617083 0
486 0.8301557418374345 0.5687180445959611 0
487 0.8051557418375896 0.6120193147850934 0
488 1.091030890503671 0.5540146516689061 0
489 1.065657777281585 0.6056328918170342 0
490 1.002932305729956 0.5693868095763348 0
491 3.809792800607892 0.8263615874431456 0
492 3.869472992135937 0.9143272339313682 0
493 1.456640901927925 0.08595836578647778 0
494 1.362890901927565 0.08595836578647778 0
495 1.364579655400912 0.9143125587723822 0
496 1.458329655400459 0.9143125587723822 0
497 4.193728519608734 0.9219912789323604 0
498 4.175565133504273 0.7857656844965304 0
499 1.017642020415573 0.794096902459995 0
500 0.9389318827854515 0.8013186662308093 0
501 0.921036981845679 0.4174132935435183 0
502 0.8740474168907833 0.3566201727438172 0
503 0.5763006306069017 0.9301208852021671 0
504 4.024594927758447 0.1564074088623293 0
505 4.083486876485184 0.2515061286183279 0
506 3.753667141574524 0.7391248483278872 0
507 3.861560795526708 0.7414177287474779 0
508 4.06048777935067 0.7626250737712876 0
509 0.8729038574735464 0.6785329008110561 0
510 0.9189353380913696 0.6192205694581925 0
511 4.199846216097985 0.217267793632313 0
512 4.200042624719939 0.08240457481051841 0
513 0.5522913996111537 0.5276742156144425 0
514 0.5178380887080654 0.4802683172503398 0
515 1.098336434293884 0.6577234593990835 0
516 1.333345904678543 0.1477574276327723 0
517 1.282955002750259 0.0617990618462945 0
518 0.6745174378366778 0.3984657443372395 0
519 0.7245174378367441 0.3984657443371312 0
520 0.8721747465294736 0.8099051227687923 0
521 2.72200909120786 0.4852936841289012 0
522 2.660561410110529 0.4091664000656637 0
523 0.1749806779175505 0.6456926199567338 0
524 0.1962656194096527 0.7236404478513931 0
525 2.668845346972616 0.5725800879761732 0
526 2.778779827573311 0.5613047924485028 0
527 2.666085433987201 0.9085971482677984 0
528 2.717272980316651 0.8145630830931187 0
529 2.773102573551929 0.9059659348253203 0
530 0.322145875353305 0.6988489061306945 0
531 0.27502177592041 0.7168637269058534 0
532 0.2746307794714525 0.6559714424503214 0
533 3.314534042471914 0.9063705129631137 0
534 3.370262384184162 0.816892231209494 0
535 3.428030397679561 0.9105217182463802 0
536 1.933823804109436 0.9117213151286737 0
537 2.034913760352069 0.9117213151286737 0
538 0.8790877901214849 0.06729886526394907 0
539 0.785337790121136 0.06729886526394907 0
540 2.084356641343174 0.8243286081528209 0
541 2.147621163072305 0.9126072930241473 0
542 3.967060521424564 0.7549610287702955 0
543 3.910934862391196 0.6677242896550371 0
544 2.774953101609724 0.7302615329732076 0
545 2.667935962044996 0.7328927464156858 0
546 1.288082014481227 0.9397345956701453 0
547 1.340161669881233 0.8540471544425274 0
548 3.345411763914245 0.4635872815798515 0
549 3.260784858740927 0.4026758585382719 0
550 3.306038874681952 0.5711741524854188 0
551 3.41203675204333 0.5344971745619647 0
552 1.935638280665921 0.08647722364441333 0
553 1.769976434146042 0.4558330380581669 0
554 1.806882038256513 0.3687624433796457 0
555 1.874381658178228 0.4456480654559123 0
556 3.397083015847538 0.08702518769423884 0
557 0.6261814764593197 0.6594069608932969 0
558 0.5865744753219446 0.6583792865056085 0
559 0.6103929988628467 0.6055748659908836 0
560 2.150091844783391 0.7418701465167762 0
561 2.037384442063155 0.7409841686213026 0
562 3.428211301101423 0.7315637409801462 0
563 3.314714945893776 0.7274125356968797 0
564 2.751638169639398 0.07947783868255841 0
565 1.091950433851145 0.7807503445914631 0
566 2.660914131026829 0.08905545072518241 0
567 1.078464368537753 0.4806802230632636 0
568 1.141189840089381 0.516926305303963 0
569 1.347794792239057 0.213170140427161 0
570 1.407825723595036 0.2585806816497878 0
571 4.083823696520184 0.08240457481051841 0
572 0.497687683820968 0.9395966265940638 0
573 0.5114883144262939 0.8697175117962309 0
574 2.147409296950118 0.4172446515168011 0
575 2.10269254503009 0.5002932612085429 0
576 2.056679123932007 0.4211468618723755 0
577 2.057541008757676 0.5813605892746876 0
578 2.148271181775787 0.5774583789191132 0
579 1.407218878353217 0.7309052299731036 0
580 1.346131618461187 0.7891709927077016 0
581 0.1548254779707808 0.05982857363143514 0
582 0.06107547797115988 0.05982857363143514 0
583 0.5734106727388475 0.3883848979273497 0
584 0.632863983641809 0.3924895261023037 0
585 0.4898932015983735 0.7099942770102921 0
586 0.549673594702415 0.6803924932042595 0
587 0.5425825598143761 0.7418131652140543 0
588 0.5244490581804484 0.3569894414150759 0
589 0.484485223468468 0.4053297733926412 0
590 0.06088505091105437 0.9449874363613204 0
591 0.1546350509113171 0.9449874363613204 0
592 0.3336141100893093 0.2645436800195175 0
593 0.3576464313235684 0.1914889115128038 0
594 0.365369072425176 0.6592410700379403 0
595 0.3657600688741335 0.7201333544934725 0
596 0.7154782466998247 0.7442478486428701 0
597 0.7442048776325616 0.6898854892198861 0
598 0.898603389880456 0.1500624256799579 0
599 0.5962321070653227 0.786226575906178 0
600 0.6656327481389063 0.7552383572416881 0
601 1.856971583050391 0.2999441997416306 0
602 1.470122744664976 0.3286260310797499 0
603 1.47557882492579 0.2419620810029176 0
604 4.908270466322353 0.1005320811632591 0
605 4.787085863515182 0.1005320811632591 0
606 4.784580850460216 0.8999682872606896 0
607 4.905765453268946 0.8999682872606896 0
608 1.485152391542331 0.7585231179094543 0
609 1.47571195909463 0.6608032303377933 0
610 3.772088441696989 0.2228934437233134 0
611 1.088500374551007 0.2479177616148279 0
612 2.229067198800685 0.7383944987114268 0
613 0.2437807152915051 0.7665179115317663 0
614 1.666309802432136 0.08556557463061375 0
615 1.568000507194333 0.08556557463061375 0
616 0.4776189277043956 0.4527575533262368 0
617 0.4643636382186377 0.507837667304782 0
618 0.06107547797115988 0.1348285736316275 0
619 2.690637273442547 0.1685332894077408 0
620 1.561021935344193 0.9276945123385645 0
621 1.659331230581902 0.9276945123385645 0
622 0.6760269750202381 0.6484164522944789 0
623 0.652208451479336 0.7012208728092038 0
624 1.267858893061751 0.1890108364869777 0
625 0.4039376838207053 0.9395966265940638 0
626 0.7260269750202825 0.6484164522943252 0
627 2.858744861608967 0.728513198161988 0
628 0.8908134988013157 0.469062617479329 0
629 0.8592775564247996 0.5189313427963289 0
630 3.122700732890166 0.271626377783693 0
631 0.4458927163281696 0.7259702337104025 0
632 0.4529837512162085 0.6645495617006079 0
633 1.924719213039868 0.5184570658492753 0
634 1.975200433725324 0.5781455657801994 0
635 1.870340304578746 0.7694388218769588 0
636 1.882107362167797 0.8541479198376478 0
637 1.780798428123604 0.8001441114572592 0
638 4.077509591409108 0.9219912789323604 0
639 3.528240682589428 0.7267755777376725 0
640 3.637310886221377 0.7282882130030699 0
641 1.524641409122258 0.1715239404170915 0
642 0.1272309330001798 0.4256976696043222 0
643 0.06604186891437371 0.4963067124132884 0
644 0.7643769866419881 0.3928652908108542 0
645 0.8209129290185647 0.3862978356831112 0
646 1.519351590744652 0.8420070711109468 0
647 0.5364517139612811 0.8158283597122105 0
648 1.393368533738517 0.4717515247606672 0
649 1.447200628086127 0.5665926712007243 0
650 1.449496226800479 0.422622315863313 0
651 1.844281927654294 0.9424266047089741 0
652 1.70730467820052 0.8701211170475387 0
653 2.299207718366826 0.4974856278601992 0
654 2.227855230288046 0.4228821551671277 0
655 0.4026695192562985 0.7655780698031567 0
656 1.716154747212313 0.1356391252569103 0
657 1.799482191924021 0.1707290149792316 0
658 0.4578387671753473 0.8253041011041071 0
659 3.635585418252366 0.5505842449464833 0
660 3.512066133531335 0.5297090113194911 0
661 1.52513414127524 0.594210559137075 0
662 2.182094999520666 0.6550500591799084 0
663 0.8981766308939815 0.9400902665536972 0
664 1.189205002749899 0.0617990618462945 0
665 1.193685224265729 0.157624230650606 0
666 2.809407843337311 0.6468428614845552 0
667 0.1561766452357134 0.2930597609701515 0
668 0.1007141284175149 0.2930125559232686 0
669 0.134512645481616 0.2272904025108212 0
670 3.689078881140194 0.6433443543074022 0
671 3.751941673605513 0.5614208802713006 0
672 2.508533664646308 0.4975745922620008 0
673 2.58200649478078 0.5722940083757075 0
674 0.2259059530576176 0.9418808045590597 0
675 0.3196559530578801 0.9418808045590597 0
676 0.5338851171059421 0.6265603983018463 0
677 0.9256103980427013 0.8715940765694115 0
678 0.8894332982622341 0.5676493873922901 0
679 2.22724653579308 0.5739827311137637 0
680 1.961624817150339 0.4313864711707542 0
681 0.03952506433170877 0.2636215987319692 0
682 0.3587961412936893 0.3581042385082434 0
683 0.3002735167035889 0.3726101986053392 0
684 0.3171108077432587 0.3178163634124428 0
685 0.9487785958939625 0.4662133616568472 0
686 0.1560630591210672 0.1734973774102872 0
687 0.2015164803109567 0.1176312116409055 0
688 0.2354285834897041 0.1714714417883224 0
689 0.2449132268078617 0.3906544272730859 0
690 0.2865985603582922 0.4309423023688864 0
691 1.194332014481419 0.9397345956701453 0
692 3.876640102299552 0.07400283405181092 0
693 3.832755618295621 0.1438209433371459 0
694 3.77737504571017 0.06981810928533491 0
695 3.472693244299042 0.6372958822250585 0
696 1.955043867030804 0.7377691451268145 0
697 0.8233336444498689 0.6534883517106543 0
698 0.7681779026125897 0.6480715773038257 0
699 2.862571587572555 0.5595564576372831 0
700 1.888967047773807 0.2071326879973484 0
701 1.943282727012114 0.2657659590331089 0
702 0.2934243889584861 0.8217513998521729 0
703 0.2146682324477288 0.8285281207977127 0
704 0.6886770361118062 0.1799640309285218 0
705 0.7506947477516532 0.1215160082728641 0
706 1.269633977541502 0.8145930296054647 0
707 0.3279410023390269 0.05780263800947032 0
708 0.2341910023394178 0.05780263800947032 0
709 1.885793335885745 0.1365507742707099 0
710 1.003653748945184 0.4661663035746216 0
711 1.053812698530894 0.4290779572096785 0
712 0.3522900397407355 0.1364030711604301 0
713 2.02077907047102 0.6553106834907696 0
714 0.4310107729790405 0.4328991234470834 0
715 1.846153424816135 0.05007355062629654 0
716 2.006341569070366 0.3483378614790125 0
717 0.1768081993170886 0.403884222709616 0
718 0.1904831556623853 0.3455521189460687 0
719 1.098115897751114 0.725277878814677 0
720 0.3777061197213113 0.8194672218871771 0
721 2.181841809189963 0.3437357558309604 0
722 0.348593636877535 0.8814774311531235 0
723 2.234105796748938 0.2644520586248416 0
724 2.654480722221936 0.2499373609625603 0
725 1.202324195065685 0.8578918478173276 0
726 2.581097109853159 0.7326066668152201 0
727 2.638777231146231 0.6483051166953091 0
728 0.7153569576276628 0.05421714300891505 0
729 0.6216069576279861 0.05421714300891505 0
730 1.085831812097626 0.3738885311596767 0
731 3.221927123523797 0.7322747185596341 0
732 3.279876040441058 0.6469462283302865 0
733 0.1272692068126454 0.5550062007570163 0
734 0.3686591626292566 0.6114521774369253 0
735 0.4122733561500852 0.6327366257997031 0
736 3.984082333483001 0.9143272339313682 0
737 3.140074740855141 0.5115123057959805 0
738 3.213251052311973 0.5760363353481732 0
739 3.201450094836124 0.2436477324342247 0
740 3.195326394929288 0.1572385876732983 0
741 3.276032131022151 0.2186783128123119 0
742 0.9734302659008208 0.5178156275104323 0
743 4.580791443544385 0.9258575109629654 0
744 4.700297683722627 0.9258575109629654 0
745 0.2242816727264864 0.2798299655336213 0
746 0.3230132742606509 0.5824637795631578 0
747 0.36991755798556 0.5559593353249206 0
748 4.704927456863757 0.07495030908214198 0
749 4.585421216685493 0.07495030908214198 0
750 3.321105243541412 0.06613458402569271 0
751 3.211192182662284 0.06613458402569271 0
752 2.573129849697016 0.2619844345437953 0
753 2.57921053758561 0.4212134736468987 0
754 3.991249443646741 0.07400283405181092 0
755 1.744592038094037 0.9424266047089741 0
756 1.746463535255782 0.05007355062629654 0
757 2.627697337088974 0.3338108940559907 0
758 0.03952506433170877 0.1886215987321616 0
759 4.558994286830407 0.8024099846675684 0
760 3.20340646898303 0.3330661029227066 0
761 1.147149825069791 0.7808420385175786 0
762 1.154784832020915 0.2595605686773786 0
763 1.109324763541699 0.3158279926835835 0
764 4.652331730274256 0.7705399178167418 0
765 0.2862383962624266 0.1706911163713143 0
766 0.9480571526787347 0.5694338676585604 0
767 0.5853929988627359 0.5622735958015976 0
768 0.6272338771717919 0.1322571048699345 0
769 4.703210248847185 0.4980121830845396 0
770 0.1816610041456562 0.4707999779313393 0
771 3.345886203421441 0.1531597717199316 0
772 0.2407849750725371 0.226557282140696 0
773 3.182035496794969 0.4306545038877402 0
774 0.4562738414202891 0.6167606690995926 0
775 0.4198539617845669 0.5326373182896835 0
776 0.3742080734159612 0.5036489204159161 0
777 4.011113712486183 0.8363185128637286 0
778 0.5376843984738896 0.5699478114160401 0
779 1.208294143645639 0.7930156860825017 0
780 4.571524215935988 0.1890874938182937 0
781 0.1930410039684093 0.8868682409203801 0
782 1.208134111826244 0.2230369434449947 0
783 4.664865181230761 0.235032588593441 0
784 3.865427464721908 0.5720538364842124 0
785 0.4600731227882366 0.5601480822137865 0
786 0.1006005423028687 0.1734501723634043 0
787 0.2262295800271371 0.6207379548629571 0
788 0.2733536794600321 0.6027231340877982 0
789 0.5007835178543599 0.5919610181146912 0
790 4.727247739800301 0.825825798223655 0
791 0.3899179594985661 0.3991847086073137 0
792 0.3830516637344938 0.4466124885409094 0
793 0.1785181089222321 0.5300515356632397 0
794 0.1737035779061301 0.5924443115942106 0
795 0.275091485499209 0.2790496401166133 0
796 4.734382525993281 0.1754823902454011 0
797 0.2280953752391408 0.5082380887685336 0
798 0.333115259935487 0.4699345055761465 0
799 0.2746120748163355 0.5472302919757937 0
800 0.2777549700397597 0.4879787342438932 0
$EndNodes
$Elements
432
1 8 2 100 1 1 11 18
2 8 2 100 1 11 12 19
3 8 2 100 1 12 13 20
4 8 2 100 1 13 14 21
5 8 2 100 1 14 15 22
6 8 2 100 1 15 16 23
7 8 2 100 1 16 17 24
8 8 2 100 1 17 2 25
9 8 2 100 2 2 26 41
10 8 2 100 2 26 27 42
11 8 2 100 2 27 28 43
12 8 2 100 2 28 29 44
13 8 2 100 2 29 30 45
14 8 2 100 2 30 31 46
15 8 2 100 2 31 32 47
16 8 2 100 2 32 33 48
17 8 2 100 2 33 34 49
18 8 2 100 2 34 35 50
19 8 2 100 2 35 36 51
20 8 2 100 2 36 37 52
21 8 2 100 2 37 38 53
22 8 2 100 2 38 39 54
23 8 2 100 2 39 40 55
24 8 2 100 2 40 3 56
25 8 2 200 3 3 57 60
26 8 2 200 3 57 58 61
27 8 2 200 3 58 59 62
28 8 2 200 3 59 4 63
29 8 2 300 4 4 64 79
30 8 2 300 4 64 65 80
31 8 2 300 4 65 66 81
32 8 2 300 4 66 67 82
33 8 2 300 4 67 68 83
34 8 2 300 4 68 69 84
35 8 2 300 4 69 70 85
36 8 2 300 4 70 71 86
37 8 2 300 4 71 72 87
38 8 2 300 4 72 73 88
39 8 2 300 4 73 74 89
40 8 2 300 4 74 75 90
41 8 2 300 4 75 76 91
42 8 2 300 4 76 77 92
43 8 2 300 4 77 78 93
44 8 2 300 4 78 5 94
45 8 2 300 5 5 95 102
46 8 2 300 5 95 96 103
47 8 2 300 5 96 97 104
48 8 2 300 5 97 98 105
49 8 2 300 5 98 99 106
50 8 2 300 5 99 100 107
51 8 2 300 5 100 101 108
52 8 2 300 5 101 6 109
53 8 2 500 6 7 110 112
54 8 2 500 6 110 111 113
55 8 2 500 6 111 8 114
56 8 2 500 7 8 115 117
57 8 2 500 7 115 116 118
58 8 2 500 7 116 7 119
59 8 2 400 8 6 120 121
60 8 2 400 8 120 9 122
61 8 2 400 9 9 123 124
62 8 2 400 9 123 10 125
63 8 2 400 10 10 126 127
64 8 2 400 10 126 1 128
65 9 2 10 12 9 161 120 281 282 122
66 9 2 10 12 32 199 169 283 284 285
67 9 2 10 12 253 155 129 286 287 288
68 9 2 10 12 132 178 153 289 290 291
69 9 2 10 12 143 227 163 292 293 294
70 9 2 10 12 154 181 220 295 296 297
71 9 2 10 12 129 220 181 298 296 299
72 9 2 10 12 132 153 240 291 300 301
73 9 2 10 12 130 163 227 302 293 303
74 9 2 10 12 139 248 153 304 305 306
75 9 2 10 12 74 75 167 90 307 308
76 9 2 10 12 29 30 168 45 309 310
77 9 2 10 12 57 224 244 311 312 313
78 9 2 10 12 59 243 224 314 315 316
79 9 2 10 12 129 155 219 287 317 318
80 9 2 10 12 137 171 177 319 320 321
81 9 2 10 12 9 174 161 322 323 281
82 9 2 10 12 138 218 241 324 325 326
83 9 2 10 12 32 33 199 48 327 283
84 9 2 10 12 143 163 215 294 328 329
85 9 2 10 12 71 72 170 87 330 331
86 9 2 10 12 159 224 243 332 315 333
87 9 2 10 12 158 244 224 334 312 335
88 9 2 10 12 98 233 148 336 337 338
89 9 2 10 12 138 241 194 326 339 340
90 9 2 10 12 66 172 194 341 342 343
91 9 2 10 12 138 176 218 344 345 324
92 9 2 10 12 139 160 259 346 347 348
93 9 2 10 12 57 58 224 61 349 311
94 9 2 10 12 58 59 224 62 316 349
95 9 2 10 12 38 218 176 350 345 351
96 9 2 10 12 138 194 172 340 342 352
97 9 2 10 12 156 223 214 353 354 355
98 9 2 10 12 130 229 163 356 357 302
99 9 2 10 12 75 197 167 358 359 307
100 9 2 10 12 202 151 236 360 361 362
101 9 2 10 12 68 69 173 84 363 364
102 9 2 10 12 171 202 236 365 362 366
103 9 2 10 12 149 169 188 367 368 369
104 9 2 10 12 133 160 183 370 371 372
105 9 2 10 12 139 153 185 306 373 374
106 9 2 10 12 7 175 110 375 376 112
107 9 2 10 12 159 194 241 377 339 378
108 9 2 10 12 139 187 248 379 380 304
109 9 2 10 12 38 39 218 54 381 350
110 9 2 10 12 29 168 195 310 382 383
111 9 2 10 12 144 232 184 384 385 386
112 9 2 10 12 135 188 169 387 368 388
113 9 2 10 12 13 185 178 389 390 391
114 9 2 10 12 74 167 189 308 392 393
115 9 2 10 12 156 214 172 355 394 395
116 9 2 10 12 147 176 214 396 397 398
117 9 2 10 12 16 208 183 399 400 401
118 9 2 10 12 139 259 187 348 402 379
119 9 2 10 12 137 177 223 321 403 404
120 9 2 10 12 184 232 227 385 405 406
121 9 2 10 12 120 161 247 282 407 408
122 9 2 10 12 158 241 218 409 325 410
123 9 2 10 12 65 66 194 81 343 411
124 9 2 10 12 138 214 176 412 397 344
125 9 2 10 12 168 131 239 413 414 415
126 9 2 10 12 251 131 168 416 413 417
127 9 2 10 12 72 196 170 418 419 330
128 9 2 10 12 129 205 253 420 421 288
129 9 2 10 12 131 167 231 422 423 424
130 9 2 10 12 148 269 165 425 426 427
131 9 2 10 12 9 123 174 124 428 322
132 9 2 10 12 10 190 123 429 430 125
133 9 2 10 12 28 195 200 431 432 433
134 9 2 10 12 131 238 167 434 435 422
135 9 2 10 12 147 214 223 398 354 436
136 9 2 10 12 12 13 178 20 391 437
137 9 2 10 12 15 16 183 23 401 438
138 9 2 10 12 32 169 228 285 439 440
139 9 2 10 12 30 221 168 441 442 309
140 9 2 10 12 164 232 216 443 444 445
141 9 2 10 12 8 111 180 114 446 447
142 9 2 10 12 137 202 171 448 365 319
143 9 2 10 12 96 207 209 449 450 451
144 9 2 10 12 133 263 160 452 453 370
145 9 2 10 12 71 170 192 331 454 455
146 9 2 10 12 144 216 232 456 444 384
147 9 2 10 12 35 171 236 457 366 458
148 9 2 10 12 139 198 160 459 460 346
149 9 2 10 12 154 264 181 461 462 295
150 9 2 10 12 149 228 169 463 439 367
151 9 2 10 12 69 206 173 464 465 363
152 9 2 10 12 135 169 262 388 466 467
153 9 2 10 12 147 177 267 468 469 470
154 9 2 10 12 96 97 207 104 471 449
155 9 2 10 12 136 165 261 472 473 474
156 9 2 10 12 98 148 213 338 475 476
157 9 2 10 12 135 170 225 477 478 479
158 9 2 10 12 35 256 171 480 481 457
159 9 2 10 12 147 223 177 436 403 468
160 9 2 10 12 145 200 195 482 432 483
161 9 2 10 12 135 254 170 484 485 477
162 9 2 10 12 8 182 115 486 487 117
163 9 2 10 12 152 181 261 488 489 490
164 9 2 10 12 68 173 249 364 491 492
165 9 2 10 12 2 204 17 493 494 25
166 9 2 10 12 5 95 203 102 495 496
167 9 2 10 12 66 260 172 497 498 341
168 9 2 10 12 136 207 165 499 500 472
169 9 2 10 12 160 263 180 453 501 502
170 9 2 10 12 98 99 233 106 503 336
171 9 2 10 12 147 267 230 470 504 505
172 9 2 10 12 173 272 249 506 507 491
173 9 2 10 12 156 172 260 395 498 508
174 9 2 10 12 165 182 261 509 510 473
175 9 2 10 12 38 176 230 351 511 512
176 9 2 10 12 7 234 175 513 514 375
177 9 2 10 12 138 172 214 352 394 412
178 9 2 10 12 153 178 185 290 390 373
179 9 2 10 12 136 261 181 474 489 515
180 9 2 10 12 17 204 266 494 516 517
181 9 2 10 12 110 187 111 518 519 113
182 9 2 10 12 148 165 213 427 520 475
183 9 2 10 12 149 188 210 369 521 522
184 9 2 10 12 161 174 277 323 523 524
185 9 2 10 12 142 210 188 525 521 526
186 9 2 10 12 73 189 196 527 528 529
187 9 2 10 12 134 179 277 530 531 532
188 9 2 10 12 70 192 206 533 534 535
189 9 2 10 12 28 29 195 44 383 431
190 9 2 10 12 73 74 189 89 393 527
191 9 2 10 12 76 77 186 92 536 537
192 9 2 10 12 14 15 198 22 538 539
193 9 2 10 12 76 186 197 537 540 541
194 9 2 10 12 156 249 272 542 507 543
195 9 2 10 12 142 196 189 544 528 545
196 9 2 10 12 95 278 203 546 547 495
197 9 2 10 12 151 202 217 360 548 549
198 9 2 10 12 70 71 192 86 455 533
199 9 2 10 12 146 217 202 550 548 551
200 9 2 10 12 27 28 200 43 433 552
201 9 2 10 12 130 232 235 553 554 555
202 9 2 10 12 34 35 236 50 458 556
203 9 2 10 12 116 191 279 557 558 559
204 9 2 10 12 141 197 186 560 540 561
205 9 2 10 12 146 206 192 562 534 563
206 9 2 10 12 31 32 228 47 440 564
207 9 2 10 12 136 209 207 565 450 499
208 9 2 10 12 30 31 221 46 566 441
209 9 2 10 12 152 205 181 567 568 488
210 9 2 10 12 155 204 219 569 570 317
211 9 2 10 12 37 38 230 53 512 571
212 9 2 10 12 99 250 233 572 573 503
213 9 2 10 12 145 193 201 574 575 576
214 9 2 10 12 141 201 193 577 575 578
215 9 2 10 12 154 220 203 297 579 580
216 9 2 10 12 1 11 246 18 581 582
217 9 2 10 12 110 175 248 376 583 584
218 9 2 10 12 140 166 191 585 586 587
219 9 2 10 12 153 175 240 588 589 300
220 9 2 10 12 6 247 101 590 591 109
221 9 2 10 12 132 268 178 592 593 289
222 9 2 10 12 134 222 179 594 595 530
223 9 2 10 12 147 230 176 505 511 396
224 9 2 10 12 148 211 269 596 597 425
225 9 2 10 12 160 198 183 460 598 371
226 9 2 10 12 148 233 191 337 599 600
227 9 2 10 12 164 235 232 601 554 443
228 9 2 10 12 144 219 204 602 570 603
229 9 2 10 12 3 244 40 604 605 56
230 9 2 10 12 4 64 243 79 606 607
231 9 2 10 12 143 203 220 608 579 609
232 9 2 10 12 72 73 196 88 529 418
233 9 2 10 12 75 76 197 91 541 358
234 9 2 10 12 171 256 177 481 610 320
235 9 2 10 12 133 183 208 372 400 611
236 9 2 10 12 129 181 205 299 568 420
237 9 2 10 12 167 197 231 359 612 423
238 9 2 10 12 3 57 244 60 313 604
239 9 2 10 12 4 243 59 607 314 63
240 9 2 10 12 161 277 179 524 531 613
241 9 2 10 12 15 183 198 438 598 538
242 9 2 10 12 69 70 206 85 535 464
243 9 2 10 12 2 26 216 41 614 615
244 9 2 10 12 150 175 234 616 514 617
245 9 2 10 12 1 246 126 582 618 128
246 9 2 10 12 31 228 221 564 619 566
247 9 2 10 12 5 215 78 620 621 94
248 9 2 10 12 116 211 191 622 623 557
249 9 2 10 12 155 266 204 624 516 569
250 9 2 10 12 6 120 247 121 408 590
251 9 2 10 12 99 100 250 107 625 572
252 9 2 10 12 115 211 116 626 622 118
253 9 2 10 12 170 196 225 419 627 478
254 9 2 10 12 8 180 245 447 628 629
255 9 2 10 12 169 199 262 284 630 466
256 9 2 10 12 140 222 166 631 632 585
257 9 2 10 12 130 201 229 633 634 356
258 9 2 10 12 163 186 275 635 636 637
259 9 2 10 12 66 67 260 82 638 497
260 9 2 10 12 173 206 226 465 639 640
261 9 2 10 12 2 216 204 615 641 493
262 9 2 10 12 123 190 270 430 642 643
263 9 2 10 12 111 259 180 644 645 446
264 9 2 10 12 5 203 215 496 646 620
265 9 2 10 12 140 191 233 587 599 647
266 9 2 10 12 129 184 220 648 649 298
267 9 2 10 12 129 219 184 318 650 648
268 9 2 10 12 77 275 186 651 636 536
269 9 2 10 12 163 275 215 637 652 328
270 9 2 10 12 131 193 239 653 654 414
271 9 2 10 12 140 179 222 655 595 631
272 9 2 10 12 164 216 276 445 656 657
273 9 2 10 12 140 233 250 647 573 658
274 9 2 10 12 137 226 202 659 660 448
275 9 2 10 12 143 220 184 609 649 661
276 9 2 10 12 144 184 219 386 650 602
277 9 2 10 12 141 231 197 662 612 560
278 9 2 10 12 97 98 213 105 476 663
279 9 2 10 12 16 266 208 664 665 399
280 9 2 10 12 142 225 196 666 627 544
281 9 2 10 12 143 184 227 661 406 292
282 9 2 10 12 162 190 280 667 668 669
283 9 2 10 12 173 226 272 640 670 506
284 9 2 10 12 137 272 226 671 670 659
285 9 2 10 12 131 210 238 672 673 434
286 9 2 10 12 100 101 237 108 674 675
287 9 2 10 12 166 279 191 676 558 586
288 9 2 10 12 165 207 213 500 677 520
289 9 2 10 12 8 245 182 629 678 486
290 9 2 10 12 131 231 193 424 679 653
291 9 2 10 12 130 235 201 555 680 633
292 9 2 10 12 10 280 190 681 668 429
293 9 2 10 12 132 258 252 682 683 684
294 9 2 10 12 180 263 245 501 685 628
295 9 2 10 12 162 246 212 686 687 688
296 9 2 10 12 157 252 258 689 683 690
297 9 2 10 12 95 96 278 103 691 546
298 9 2 10 12 36 267 256 692 693 694
299 9 2 10 12 146 226 206 695 639 562
300 9 2 10 12 163 229 186 357 696 635
301 9 2 10 12 115 182 269 487 697 698
302 9 2 10 12 135 225 188 479 699 387
303 9 2 10 12 164 200 235 700 701 601
304 9 2 10 12 161 179 237 613 702 703
305 9 2 10 12 143 215 203 329 646 608
306 9 2 10 12 139 265 198 704 705 459
307 9 2 10 12 154 203 278 580 547 706
308 9 2 10 12 11 12 212 19 707 708
309 9 2 10 12 177 256 267 610 693 469
310 9 2 10 12 144 204 216 603 641 456
311 9 2 10 12 164 276 200 657 709 700
312 9 2 10 12 152 263 205 710 711 567
313 9 2 10 12 12 178 212 437 712 707
314 9 2 10 12 148 191 211 600 623 596
315 9 2 10 12 142 188 225 526 699 666
316 9 2 10 12 141 186 229 561 696 713
317 9 2 10 12 150 240 175 714 589 616
318 9 2 10 12 27 200 276 552 709 715
319 9 2 10 12 145 235 200 716 701 482
320 9 2 10 12 157 190 252 717 718 689
321 9 2 10 12 146 202 226 551 660 695
322 9 2 10 12 136 181 264 515 462 719
323 9 2 10 12 140 250 179 658 720 655
324 9 2 10 12 153 248 175 305 583 588
325 9 2 10 12 16 17 266 24 517 664
326 9 2 10 12 145 239 193 721 654 574
327 9 2 10 12 179 250 237 720 722 702
328 9 2 10 12 110 248 187 584 380 518
329 9 2 10 12 97 213 207 663 677 471
330 9 2 10 12 145 195 239 483 723 721
331 9 2 10 12 149 221 228 724 619 463
332 9 2 10 12 96 209 278 451 725 691
333 9 2 10 12 100 237 250 675 722 625
334 9 2 10 12 142 189 238 545 726 727
335 9 2 10 12 13 14 265 21 728 729
336 9 2 10 12 133 205 263 730 711 452
337 9 2 10 12 146 192 254 563 731 732
338 9 2 10 12 130 227 232 303 405 553
339 9 2 10 12 141 193 231 578 679 662
340 9 2 10 12 35 36 256 51 694 480
341 9 2 10 12 123 270 174 643 733 428
342 9 2 10 12 14 198 265 539 705 728
343 9 2 10 12 134 242 222 734 735 594
344 9 2 10 12 167 238 189 435 726 392
345 9 2 10 12 67 68 249 83 492 736
346 9 2 10 12 141 229 201 713 634 577
347 9 2 10 12 135 217 254 737 738 484
348 9 2 10 12 111 187 259 519 402 644
349 9 2 10 12 151 199 273 739 740 741
350 9 2 10 12 152 245 263 742 685 710
351 9 2 10 12 64 65 257 80 743 744
352 9 2 10 12 162 252 190 745 718 667
353 9 2 10 12 145 201 235 576 680 716
354 9 2 10 12 134 255 242 746 747 734
355 9 2 10 12 39 40 274 55 748 749
356 9 2 10 12 33 34 273 49 750 751
357 9 2 10 12 168 221 251 442 752 417
358 9 2 10 12 131 251 210 416 753 672
359 9 2 10 12 168 239 195 415 723 382
360 9 2 10 12 36 37 267 52 754 692
361 9 2 10 12 78 215 275 621 652 755
362 9 2 10 12 142 238 210 727 673 525
363 9 2 10 12 77 78 275 93 755 651
364 9 2 10 12 26 27 276 42 715 756
365 9 2 10 12 26 276 216 756 656 614
366 9 2 10 12 149 251 221 757 752 724
367 9 2 10 12 10 126 280 127 758 681
368 9 2 10 12 170 254 192 485 731 454
369 9 2 10 12 146 254 217 732 738 550
370 9 2 10 12 65 194 257 411 759 743
371 9 2 10 12 151 262 199 760 630 739
372 9 2 10 12 136 264 209 719 761 565
373 9 2 10 12 133 208 253 611 762 763
374 9 2 10 12 159 257 194 764 759 377
375 9 2 10 12 178 268 212 593 765 712
376 9 2 10 12 182 245 261 678 766 510
377 9 2 10 12 160 180 259 502 645 347
378 9 2 10 12 33 273 199 751 740 327
379 9 2 10 12 11 212 246 708 687 581
380 9 2 10 12 7 116 279 119 559 767
381 9 2 10 12 133 253 205 763 421 730
382 9 2 10 12 139 185 265 374 768 704
383 9 2 10 12 149 210 251 522 753 757
384 9 2 10 12 159 241 224 378 769 332
385 9 2 10 12 157 270 190 770 642 717
386 9 2 10 12 151 273 236 741 771 361
387 9 2 10 12 162 212 268 688 765 772
388 9 2 10 12 115 269 211 698 597 626
389 9 2 10 12 158 224 241 335 769 409
390 9 2 10 12 151 217 262 549 773 760
391 9 2 10 12 166 222 242 632 735 774
392 9 2 10 12 13 265 185 729 768 389
393 9 2 10 12 150 242 255 775 747 776
394 9 2 10 12 165 269 182 426 697 509
395 9 2 10 12 152 261 245 490 766 742
396 9 2 10 12 156 260 249 508 777 542
397 9 2 10 12 7 279 234 767 778 513
398 9 2 10 12 154 209 264 779 761 461
399 9 2 10 12 39 274 218 749 780 381
400 9 2 10 12 161 237 247 703 781 407
401 9 2 10 12 155 253 208 286 762 782
402 9 2 10 12 135 262 217 467 773 737
403 9 2 10 12 37 230 267 571 504 754
404 9 2 10 12 158 218 274 410 780 783
405 9 2 10 12 154 278 209 706 725 779
406 9 2 10 12 155 208 266 782 665 624
407 9 2 10 12 156 272 223 543 784 353
408 9 2 10 12 150 234 242 617 785 775
409 9 2 10 12 162 280 246 669 786 686
410 9 2 10 12 137 223 272 404 784 671
411 9 2 10 12 134 277 271 532 787 788
412 9 2 10 12 166 242 234 774 785 789
413 9 2 10 12 126 246 280 618 786 758
414 9 2 10 12 64 257 243 744 790 606
415 9 2 10 12 159 243 257 333 790 764
416 9 2 10 12 132 240 258 301 791 682
417 9 2 10 12 67 249 260 736 777 638
418 9 2 10 12 150 258 240 792 791 714
419 9 2 10 12 174 270 271 733 793 794
420 9 2 10 12 132 252 268 684 795 592
421 9 2 10 12 158 274 244 783 796 334
422 9 2 10 12 157 271 270 797 793 770
423 9 2 10 12 150 255 258 776 798 792
424 9 2 10 12 34 236 273 556 771 750
425 9 2 10 12 162 268 252 772 795 745
426 9 2 10 12 134 271 255 788 799 746
427 9 2 10 12 166 234 279 789 778 676
428 9 2 10 12 101 247 237 591 781 674
429 9 2 10 12 40 244 274 605 796 748
430 9 2 10 12 174 271 277 794 787 523
431 9 2 10 12 157 258 255 690 798 800
432 9 2 10 12 157 255 271 800 799 797
$EndElements
