$MeshFormat
2.2 0 8
$EndMeshFormat
$Nodes
1375
1 0 0 0
2 5 0 0
3 5 1 0
4 0 1 0
5 0.6 0.49 0
6 0.8 0.49 0
7 0 0.7 0
8 0 0.3 0
9 0.1999999999998339 0 0
10 0.3999999999996643 0 0
11 0.5999999999995166 0 0
12 0.7999999999989961 0 0
13 0.9999999999984124 0 0
14 1.199999999997829 0 0
15 1.399999999997245 0 0
16 1.599999999996661 0 0
17 1.799999999996077 0 0
18 1.999999999995511 0 0
19 2.199999999995745 0 0
20 2.399999999996049 0 0
21 2.599999999996353 0 0
22 2.799999999996657 0 0
23 2.999999999996961 0 0
24 3.199999999997265 0 0
25 3.399999999997569 0 0
26 3.599999999997873 0 0
27 3.799999999998176 0 0
28 3.999999999998481 0 0
29 4.199999999998784 0 0
30 4.399999999999088 0 0
31 4.599999999999393 0 0
32 4.799999999999696 0 0
33 0.09999999999992403 0 0
34 0.2999999999997174 0 0
35 0.4999999999995913 0 0
36 0.6999999999992745 0 0
37 0.8999999999986968 0 0
38 1.099999999998105 0 0
39 1.299999999997512 0 0
40 1.499999999996937 0 0
41 1.699999999996361 0 0
42 1.899999999995798 0 0
43 2.099999999995567 0 0
44 2.29999999999587 0 0
45 2.499999999995886 0 0
46 2.699999999996505 0 0
47 2.899999999996937 0 0
48 3.099999999997218 0 0
49 3.299999999997425 0 0
50 3.499999999997529 0 0
51 3.699999999997995 0 0
52 3.899999999998521 0 0
53 4.099999999998615 0 0
54 4.299999999998784 0 0
55 4.499999999999433 0 0
56 4.699999999999625 0 0
57 4.899999999999789 0 0
58 5 0.1999999999995579 0
59 5 0.3999999999989749 0
60 5 0.5999999999989468 0
61 5 0.7999999999994734 0
62 5 0.09999999999981678 0
63 5 0.2999999999992664 0
64 5 0.4999999999986832 0
65 5 0.6999999999992101 0
66 5 0.8999999999997367 0
67 4.8 1 0
68 4.6 1 0
69 4.399999999999999 1 0
70 4.199999999999998 1 0
71 3.999999999999999 1 0
72 3.799999999999999 1 0
73 3.599999999999999 1 0
74 3.399999999999999 1 0
75 3.199999999999998 1 0
76 2.999999999999999 1 0
77 2.799999999999999 1 0
78 2.599999999999999 1 0
79 2.4 1 0
80 2.199999999999999 1 0
81 2 1 0
82 1.799999999999999 1 0
83 1.599999999999999 1 0
84 1.399999999999999 1 0
85 1.199999999999999 1 0
86 0.9999999999999991 1 0
87 0.7999999999999998 1 0
88 0.5999999999999996 1 0
89 0.3999999999999995 1 0
90 0.1999999999999993 1 0
91 4.900000000000129 1 0
92 4.700000000000175 1 0
93 4.499999999999743 1 0
94 4.299999999999698 1 0
95 4.099999999999872 1 0
96 3.899999999999991 1 0
97 3.700000000000022 1 0
98 3.499999999999961 1 0
99 3.299999999999894 1 0
100 3.100000000000016 1 0
101 2.900000000000007 1 0
102 2.69999999999995 1 0
103 2.500000000000341 1 0
104 2.299999999999983 1 0
105 2.099999999999989 1 0
106 1.900000000000015 1 0
107 1.699999999999982 1 0
108 1.500000000000046 1 0
109 1.299999999999951 1 0
110 1.100000000000023 1 0
111 0.9000000000000146 1 0
112 0.6999999999999176 1 0
113 0.5000000000000107 1 0
114 0.3000000000000815 1 0
115 0.09999999999991793 1 0
116 0 0.8914077468539234 0
117 0 0.8092346924635517 0
118 0 0.7470533567065958 0
119 0 0.9457038734268827 0
120 0 0.8503212196589149 0
121 0 0.7781440245850404 0
122 0 0.7235266783533549 0
123 0.6099031132096165 0.446611626088538 0
124 0.6376510198138731 0.4118168517533992 0
125 0.6777479066040116 0.3925072087818991 0
126 0.7222520933953545 0.3925072087817544 0
127 0.7623489801857448 0.4118168517530946 0
128 0.7900968867902396 0.4466116260882396 0
129 0.602507208781785 0.4677479066045115 0
130 0.6218168517529682 0.4276510198144136 0
131 0.656611626087881 0.3999031132099329 0
132 0.6999999999996237 0.39 0
133 0.7433883739115778 0.3999031132096724 0
134 0.7781831482467442 0.427651019814053 0
135 0.7974927912181893 0.4677479066043994 0
136 0.7900968867902932 0.5333883739116495 0
137 0.7623489801861223 0.5681831482466045 0
138 0.7222520933960428 0.5874927912180885 0
139 0.6777479066046804 0.5874927912182536 0
140 0.6376510198143173 0.5681831482469552 0
141 0.6099031132097745 0.5333883739117904 0
142 0.7974927912181902 0.5122520933955973 0
143 0.7781831482469436 0.5523489801856972 0
144 0.7433883739120857 0.5800968867900831 0
145 0.7000000000004478 0.5900000000000001 0
146 0.6566116260885555 0.580096886790392 0
147 0.6218168517533129 0.5523489801860189 0
148 0.6025072087818344 0.5122520933957057 0
149 0 0.6500000000001003 0
150 0 0.6000000000002439 0
151 0 0.5500000000003877 0
152 0 0.5000000000005315 0
153 0 0.450000000000404 0
154 0 0.4000000000002657 0
155 0 0.3500000000001274 0
156 0 0.6750000000000243 0
157 0 0.6250000000001721 0
158 0 0.5750000000003158 0
159 0 0.5250000000004595 0
160 0 0.4750000000004331 0
161 0 0.4250000000003379 0
162 0 0.3750000000002243 0
163 0 0.3250000000000585 0
164 0 0.2529466432935131 0
165 0 0.1907653075369072 0
166 0 0.1085922531465075 0
167 0 0.2764733216467685 0
168 0 0.2218559754152102 0
169 0 0.1496787803418151 0
170 0 0.0542961265731772 0
171 0.3255093867582027 0.6815205603603936 0
172 0.3044195797245037 0.3254647053158157 0
173 1.173257975692458 0.6208552185300418 0
174 0.1928325013355066 0.4750000000004678 0
175 0.4895984874222155 0.3222103927397296 0
176 0.4050534466476629 0.4989354475463309 0
177 0.494109262456962 0.6582610067397509 0
178 0.9752900662004406 0.7203756665342916 0
179 1.036145547617745 0.4162873405310114 0
180 0.1611269152323951 0.2764733216467565 0
181 0.1766872791246664 0.7268437031146378 0
182 1.669713477033085 0.4869852919961774 0
183 4.462697116492051 0.479938788388731 0
184 3.902249768754487 0.4975133515522526 0
185 3.299999999999998 0.5000000000002423 0
186 2.711494372482249 0.4529098593207499 0
187 2.187254334426067 0.5082703886207554 0
188 0.1366112950481684 0.5943004316217784 0
189 0.689706736633305 0.8175545631361587 0
190 0.6070120607559144 0.6830914454649057 0
191 0.9455067942298799 0.5460353237012625 0
192 0.6028873797988286 0.2899799824254894 0
193 0.8344649786531941 0.2107805947353981 0
194 0.4991228911286353 0.4474013032344745 0
195 0.1131367957776712 0.3732546791273684 0
196 1.336837898538595 0.3163326540527029 0
197 0.7978395747049685 0.7005119351552285 0
198 0.2788088642734498 0.5530850170514589 0
199 0.1302220267107576 0.1493676722932811 0
200 0.2872123054003287 0.1712462793300859 0
201 0.1302741384987414 0.8396383977779272 0
202 0.2749451011009954 0.8114662986091157 0
203 0.8850916231110159 0.342394356063657 0
204 0.5102390697023121 0.5588078667873916 0
205 0.2156236960498013 0.3709164251703696 0
206 0.3065508222782418 0.4393807746696002 0
207 0.09853349455801087 0.4685571365141414 0
208 0.08713073380931974 0.6725022518775179 0
209 0.406428507561136 0.391007627702905 0
210 3.600000000000021 0.6600000000000622 0
211 4.189792414165998 0.654778479914558 0
212 2.999999999999974 0.3400000000000918 0
213 1.043878753764096 0.2057712622731936 0
214 0.4321314836935964 0.7914240619280384 0
215 1.466252076001108 0.6944134410556228 0
216 3.605486493013645 0.3379851843068461 0
217 4.198109446065119 0.3374120592770438 0
218 3.005486493014595 0.6620148156934238 0
219 0.8588881705066973 0.6158386268060022 0
220 0.7008597190172924 0.680800918718859 0
221 0.6999999999993878 0.3016124298370705 0
222 0.2241157212249074 0.6409639663808018 0
223 0.5615671899112827 0.3713548732580884 0
224 0.07884585322484351 0.2764733216467566 0
225 2.440477128586324 0.3157137228480081 0
226 2.44393736495414 0.6576879357493858 0
227 0.4034295398125523 0.6016459757178213 0
228 0.08877054905823591 0.7810356309720019 0
229 1.931310857177345 0.7050660259959272 0
230 1.91671224230337 0.296160909520468 0
231 0.8990877018472172 0.4456837503417978 0
232 0.4024261740727665 0.2178407745588538 0
233 0.5624362371290543 0.5961560961382767 0
234 4.712500000000102 0.2875000000002255 0
235 4.729551617293558 0.6979966356261526 0
236 0.5293942034890349 0.2044033245661589 0
237 0.6563849172109926 0.1596485925358543 0
238 0.7769715413676257 0.3258352974295531 0
239 0.2099375255658966 0.5594775613082983 0
240 0.07471515529074965 0.5470275148619241 0
241 1.58878696357796 0.2583023679580089 0
242 0.5544972135507172 0.7990800106064082 0
243 1.153684330459894 0.7798265734787189 0
244 0.2499923095751065 0.7193932619028425 0
245 0.2537411687603002 0.2963792237165681 0
246 2.703484080930876 0.2246221383170873 0
247 3.899999999999998 0.7600000000000798 0
248 3.30269084544852 0.7777007820101255 0
249 3.29999999999742 0.2400000000000957 0
250 3.90109843092567 0.2346444128355404 0
251 2.707116546681826 0.8064331664816486 0
252 4.439552238805802 0.7479104477612892 0
253 4.460416666666562 0.2479166666667062 0
254 1.699948405419673 0.7757783562184912 0
255 2.174562300988189 0.7506062194271942 0
256 2.185028242329658 0.2157903890903844 0
257 0.06559346667287311 0.623056333054054 0
258 1.3892393207826 0.5046504638794733 0
259 0.8687136054325206 0.5285077794807024 0
260 0.1369804747987502 0.5259770583378168 0
261 0.8890649347964184 0.8488246992393074 0
262 0.05049965110032817 0.4300108188230792 0
263 0.06806549973246595 0.3250232411482749 0
264 0.5293472867138875 0.4955628271341355 0
265 1.206701383559385 0.4491616894995751 0
266 0.1438140872851603 0.4308657955914997 0
267 0.772371931903408 0.6402818651072787 0
268 4.798235503792316 0.5084735679038747 0
269 0.1531272995847302 0.6593796584608596 0
270 0.2617386140064678 0.4867910498401059 0
271 0.04866983399285672 0.2288723730493003 0
272 0.1199863842286193 0.22260635672011 0
273 0.33266044550104 0.4954610072393409 0
274 0.825877485841741 0.3902952553113517 0
275 0.6318827263018974 0.6260421070561526 0
276 0.393156844425926 0.7062586204828547 0
277 0.1556204287403427 0.3307608854484359 0
278 0.6330555460479984 0.3509884089880439 0
279 0.4683605081277583 0.4991036042358306 0
280 0.5550888763525863 0.4444498396538113 0
281 0.2389497281460865 0.4299544420077078 0
282 0.3886351992174089 0.3095947535394289 0
283 0.2773642618185918 0.3819909143027466 0
284 1.045125496033487 0.6103279164837621 0
285 0.09960840313208542 0.08711632586992177 0
286 0.09988471863412769 0.9097865913958009 0
287 1.295919842260726 0.7280856372173881 0
288 0.3286391508760987 0.612674154727743 0
289 0.3720063896216556 0.4428802472201612 0
290 0.4375979282644409 0.4448046362971533 0
291 0.441439779620586 0.5567077373627665 0
292 0.05244102837254675 0.7246453033405753 0
293 0.4708241598847998 0.3899180531831042 0
294 1.225582720216457 0.1732877115929113 0
295 1.882113024625393 0.4886057266435564 0
296 3.499977554974528 0.1794806543984411 0
297 4.100437248437649 0.1779578184527061 0
298 2.911901628279025 0.8266736412050024 0
299 3.512948036529039 0.4966410248464157 0
300 4.110392225857834 0.4952608092524981 0
301 2.914863765276429 0.495510618373842 0
302 0.3425674600369229 0.3817198371251095 0
303 2.907457778820922 0.18257808477426 0
304 3.507325572908764 0.8178090686134925 0
305 3.700593918739089 0.8177165517994277 0
306 4.098689402831129 0.8152081971260136 0
307 3.100609657536537 0.1823295378896447 0
308 0.200570678349669 0.2037045297608532 0
309 1.767118900692766 0.1819231015799891 0
310 0.04366658964666277 0.4768843814945196 0
311 2.367402472323781 0.4922412162369903 0
312 0.1115451712775854 0.3190944786945143 0
313 0.568081552051017 0.5318823303473256 0
314 3.694697242402298 0.5001571309002604 0
315 4.277846698844922 0.4947778975039148 0
316 3.10733333333333 0.5000000000000768 0
317 0.3650052044552316 0.5530848899409102 0
318 0.2002636815998225 0.7941286979377921 0
319 3.099961406149394 0.8190261593873794 0
320 3.704866728629702 0.1809024558765741 0
321 0.5453914227668127 0.7209255360449809 0
322 0.2917710166588594 0.2552244813748938 0
323 4.29106045352456 0.174284374329934 0
324 0.3410592342627464 0.7626487805439194 0
325 4.274827631428794 0.8247058409546373 0
326 1.515888243824632 0.4226051823307306 0
327 0.03901048858645455 0.66586731471207 0
328 1.43463563028834 0.1659406239944519 0
329 0.5930906396543983 0.4047426301025114 0
330 1.135733711717607 0.3127444159710356 0
331 0.04507670238811862 0.3784704573148965 0
332 0.2728283909574843 0.6083641751931678 0
333 2.335923466626556 0.8313332408647375 0
334 2.335923466626267 0.1686667591360765 0
335 0.04273744030884071 0.5790520501558831 0
336 2.51401632775837 0.8209090571826707 0
337 2.51818539777361 0.169964241944368 0
338 0.8145022875174752 0.5813125272609392 0
339 0.2051494626924246 0.1134805913553304 0
340 1.107074904644134 0.5094669641410712 0
341 0.06380285307690044 0.1615293545833629 0
342 0.475154709236591 0.6022394457216471 0
343 1.018843183056621 0.8234376016384989 0
344 0.03618019187090756 0.2786198078876184 0
345 0.1849439654550577 0.6050412868303706 0
346 0.8354103775377795 0.4700783807602836 0
347 2.84745999950209 0.3391241401572062 0
348 3.444592890977269 0.6504301750940678 0
349 4.040224762321889 0.6445521675690804 0
350 0.03730781200397405 0.5256329232325263 0
351 1.898264727184547 0.8651831296710382 0
352 0.5522041489819325 0.6560120285304942 0
353 0.2311259993136488 0.8876627187002997 0
354 0.03899177951413177 0.7788642892530481 0
355 0.05965353095087279 0.8349945581193754 0
356 4.598056363222811 0.8342568555345529 0
357 4.832916666666558 0.167083333333319 0
358 4.83291666666676 0.8329166666666752 0
359 0.4457504488108224 0.1113487245101467 0
360 2.02606341783084 0.167546027303171 0
361 0.1424934536843219 0.7753574249172605 0
362 0.9943767365056462 0.3164644688810854 0
363 0.5497905791261231 0.3167033768973174 0
364 1.477374310100479 0.8565931864590444 0
365 2.527846265824464 0.4707906159481736 0
366 0.1634172554548715 0.3871773014854969 0
367 3.759508185979179 0.6470774068504166 0
368 3.161588598173452 0.3524659075780303 0
369 0.1449615262653321 0.4753423151933945 0
370 1.764888921646515 0.34239547953964 0
371 0.710150117854212 0.6213253301658634 0
372 0.1071447700429578 0.630530538888081 0
373 0.1167750572723035 0.723293995447142 0
374 0.1957415302617628 0.6837643402524323 0
375 3.443682416902926 0.3508213727104082 0
376 4.042457424008152 0.3485576902740082 0
377 2.80799723233697 0.6455903501791531 0
378 2.618734685006336 0.6423868308102969 0
379 0.4988381239639335 0.8919441878455832 0
380 1.758729006938891 0.6199838881227281 0
381 0.7113485384900413 0.3554798529020851 0
382 4.602628094691234 0.1647324846861713 0
383 3.163094415589167 0.6517483514182496 0
384 3.76167973274516 0.3502405070942947 0
385 1.620133655887817 0.6267849514835218 0
386 1.270221047746095 0.8803356778923717 0
387 2.030233000745602 0.5627385117531422 0
388 0.9243116029854607 0.1251800286029334 0
389 2.301815987863746 0.6480278001798125 0
390 2.279028865611387 0.358484286951642 0
391 2.076310363550218 0.3772844183716197 0
392 4.623201285381037 0.4346252502352988 0
393 4.566663491452347 0.6402692301360927 0
394 0.530697793093367 0.4053354092518179 0
395 0.3729417076912369 0.6481522790321728 0
396 1.07324021028858 0.7109645953330626 0
397 0.4346785811424843 0.6560345650006818 0
398 0.09334507431485394 0.416934154145453 0
399 0.6393478845194955 0.7405082317974406 0
400 0.5998999574950683 0.5713428271175267 0
401 2.045332220105673 0.861214660978024 0
402 4.872140757550527 0.6878773740390245 0
403 4.868730434091795 0.3126113802471904 0
404 0.7302610768008377 0.2237257379643828 0
405 0.2761444036152288 0.6560566294016736 0
406 0.4716049983438018 0.7205054696800851 0
407 0.7939804547329061 0.7902291837684782 0
408 0.2077900628721546 0.3125578043890546 0
409 0.8751864886441989 0.7169173340579828 0
410 0.2552361573630502 0.3384758669495468 0
411 0.1874270868762823 0.4295995139000843 0
412 0.9380678085764049 0.6339764850242171 0
413 0.2165351557373824 0.5163324455764472 0
414 0.8251447721214154 0.5200277605554802 0
415 0.5204956418875576 0.3611044210660115 0
416 0.4541755168921385 0.2697065565050962 0
417 0.520035186203261 0.2728256363389245 0
418 0.4396523235869589 0.3411305312894812 0
419 0.1689023887831722 0.5618276716954725 0
420 4.338026076318643 0.346865957233266 0
421 0.02889770266398769 0.6250000000001722 0
422 0.36301665705582 0.8575243412711593 0
423 0.2179691234353507 0.2670030810990612 0
424 0.07824070525962951 0.5088158028881856 0
425 0.09396376702705662 0.5833239878199228 0
426 0.6437855154598163 0.2358740134657912 0
427 0.9723515577703732 0.4655761703704113 0
428 1.023386823513791 0.5157006250850524 0
429 0.9536051998984423 0.390984879205559 0
430 0.1199863842286193 0.2787641300905876 0
431 0.757164578088803 0.1101218023200917 0
432 0.6184569509590734 0.8823202544550175 0
433 0.3092398488609743 0.07642472527874919 0
434 1.524753914517414 0.5498524129706719 0
435 1.897304950314508 0.1205230758581514 0
436 0.9364247390038826 0.2401181421112535 0
437 4.343218905472571 0.6400746268657173 0
438 0.02877675769512981 0.3260162151930064 0
439 0.2341268934953591 0.5933864013528195 0
440 0.7580641435258705 0.3694285635941902 0
441 1.103250841087027 0.9120972011244329 0
442 0.7334185215681 0.7431727366755407 0
443 1.302958190917855 0.6067181256698641 0
444 0.5642904981284175 0.111874728313243 0
445 0.5188286855013704 0.614295288783512 0
446 0.7560612035088399 0.6027178468210415 0
447 0.7318681795202836 0.8898214500998269 0
448 1.108222388646754 0.1004768675042541 0
449 2.580297449119505 0.3268001156756774 0
450 0.5669232961550885 0.4776970546990055 0
451 0.4240883114417945 0.1645947495345002 0
452 0.3448192397365476 0.1945435269444699 0
453 0.3664813771055756 0.1412975019201163 0
454 1.683559450344714 0.09096155078999456 0
455 1.677952932135363 0.220112734768999 0
456 1.59439348178731 0.1291511839790044 0
457 3.849999999999999 0.8800000000000399 0
458 3.949999999999998 0.8800000000000399 0
459 3.251345422724259 0.8888503910050627 0
460 3.351345422724259 0.8888503910050627 0
461 2.751742040463766 0.1123110691585436 0
462 2.651742040463614 0.1123110691585436 0
463 2.653558273340912 0.9032165832408243 0
464 2.753558273340913 0.9032165832408243 0
465 3.349999999997494 0.1200000000000479 0
466 3.249999999997343 0.1200000000000479 0
467 3.950549215462075 0.1173222064177702 0
468 3.850549215461923 0.1173222064177702 0
469 0.5889923326303957 0.5326353521295579 0
470 0.5840407760255084 0.5109411651736628 0
471 0.2443731949196732 0.5562812891798785 0
472 0.2132363406516395 0.5379050034423727 0
473 0.2476720100054161 0.534708731313953 0
474 1.462812431058277 0.2873175110053559 0
475 1.552337603701296 0.3404537751443697 0
476 1.426363071181613 0.3694689181917168 0
477 0.5675024241030527 0.5047896925231655 0
478 0.5834616480775443 0.4838485273495027 0
479 0.5556788845187028 0.3440291250777029 0
480 0.5914230625870607 0.3338458929426806 0
481 0.5973113679796406 0.3611716411230661 0
482 0.3155629996568242 0.9438313593501498 0
483 0.2970713281847344 0.8725935299857295 0
484 0.3815083285279097 0.9287621706355796 0
485 0.2358551460978255 0.2816911524078146 0
486 0.2548700700471051 0.2611137812369775 0
487 0.2727560927095798 0.2758018525457309 0
488 0.1767578152680663 0.521154751957132 0
489 0.1927187722602773 0.5390800586359599 0
490 0.1529414317909612 0.5439023650166447 0
491 1.385736764413467 0.2411366390235774 0
492 1.51171129693315 0.2121214959762304 0
493 0.6130730928511984 0.3778655195452777 0
494 0.5773289147828405 0.3880487516802999 0
495 1.163471153076176 0.7003408960043803 0
496 1.113462270374237 0.7453955844058907 0
497 1.123249092990519 0.6659099069315522 0
498 0.3465273894709563 0.3175297294276223 0
499 0.3656013296271659 0.3456572953322692 0
500 0.3234935198807133 0.3535922712204626 0
501 0.2046838285364445 0.4956662227884575 0
502 0.1649064880671284 0.5004885291691423 0
503 4.699028181611405 0.9171284277672764 0
504 4.715486514944786 0.833586761100614 0
505 4.81645833333338 0.9164583333333376 0
506 4.667850642690569 0.3610626251177622 0
507 4.5418089760238 0.3412709584510025 0
508 4.586458333333332 0.2677083333334659 0
509 4.461556891579306 0.3639277275277186 0
510 4.542949200936544 0.4572820193120149 0
511 1.386647076180603 0.7923394118382162 0
512 1.373797678923287 0.868464432175708 0
513 1.283070445003411 0.8042106575548799 0
514 0.7941132330137429 0.4010560535322231 0
515 0.8079871863159903 0.4184534406997956 0
516 4.648107554372952 0.6691329328811226 0
517 4.682449497622332 0.5743713990199837 0
518 4.763893560542938 0.6032351017650136 0
519 4.594932388416693 0.5374472401856958 0
520 4.710718394586676 0.4715494090695868 0
521 0.3189808790784077 0.8344953199401375 0
522 0.2530355502073221 0.8495645086547077 0
523 4.501314047345161 0.08236624234308565 0
524 4.531522380678898 0.2063245756764388 0
525 4.430208333332825 0.1239583333333531 0
526 1.5173178151425 0.08297031199722593 0
527 0.3744979837990294 0.3863637324140072 0
528 0.3975318533892724 0.3503011906211669 0
529 0.5084982105553073 0.7207155028625329 0
530 0.549944318158765 0.7600027733256946 0
531 0.5130511059472596 0.7597927401432467 0
532 4.599028181611406 0.9171284277672764 0
533 1.649974202709836 0.8878891781092456 0
534 1.749974202709836 0.8878891781092456 0
535 0.2980952981916816 0.2903445933453548 0
536 0.3402031079381341 0.2824096174571613 0
537 0.2564678788844044 0.5732357092021392 0
538 0.2220322095306278 0.576431981330559 0
539 4.419776119402901 0.8739552238806446 0
540 4.518804301014306 0.7910836516479211 0
541 4.499028181611404 0.9171284277672764 0
542 1.471813193050793 0.7755033137573335 0
543 1.381085959130917 0.7112495391365055 0
544 0.3196056338896409 0.4674208909544706 0
545 0.2971995297537539 0.4911260285397234 0
546 0.2841447181423548 0.4630859122548531 0
547 0.5661407916439317 0.2471916534958241 0
548 0.5865898594744257 0.220138669015975 0
549 0.6233364476293224 0.2629269979456403 0
550 1.189979679625921 0.5350084540148085 0
551 1.25482978723862 0.5279399075847195 0
552 1.238108083305157 0.613786672099953 0
553 1.417317815142792 0.08297031199722593 0
554 1.330109175252398 0.1696141677936816 0
555 1.312791360106851 0.08664385579645567 0
556 0.1894199571745344 0.5606526165018855 0
557 0.8597783008821049 0.2765874753995276 0
558 0.8310315822393208 0.3341148267466051 0
559 0.8057182600104099 0.2683079460824756 0
560 0.02524982555016408 0.4150054094116724 0
561 0.02524982555016408 0.4400054094117416 0
562 1.234588908976592 0.6744704278737149 0
563 1.22480208636031 0.7539561053480535 0
564 0.2702737391399588 0.5199380334457824 0
565 0.3057346548872449 0.5242730121453999 0
566 1.592800860428858 0.4547952371634539 0
567 1.629250220305522 0.3726438299770931 0
568 0.2461708475042642 0.2294645055678735 0
569 0.2092699008925099 0.2353538054299572 0
570 0.9321775004984294 0.7846001828867995 0
571 0.8821257117203086 0.782871016648645 0
572 0.9252382774223198 0.7186465002961372 0
573 1.363038609660597 0.4104915589660881 0
574 1.297970352170992 0.4769060766895242 0
575 1.27176964104899 0.382747171776139 0
576 0.2391368848719251 0.5015617477082766 0
577 0.3219070343643407 0.5530849534961846 0
578 0.3468221776656651 0.5828795223343266 0
579 0.3037240075747743 0.582879585889601 0
580 0.1058478150447499 0.5365022865998705 0
581 0.1154721209129034 0.5546505230788699 0
582 0.08433946115890315 0.5651757513409235 0
583 0.04778817674422339 0.4042406380689878 0
584 0.06921088835148628 0.3977023057301747 0
585 0.07192236270759106 0.4234724864842661 0
586 0.5142350889212615 0.471482065184305 0
587 0.4988538974208229 0.497333215684983 0
588 0.4837416996281968 0.4732524537351525 0
589 0.06307061119788715 0.6691847832947939 0
590 0.05230197762966383 0.644461823883062 0
591 0.07636210024109642 0.6477792924657859 0
592 0.5971594817154758 0.6110991015972147 0
593 0.5920434376419149 0.6410270677933234 0
594 0.5573201930554934 0.6260840623343855 0
595 0.1032409350462626 0.3950944166364107 0
596 0.07910674908289492 0.3758625682211324 0
597 0.3488328249781358 0.5242729485901256 0
598 3.449988777486048 0.08974032719922054 0
599 3.399988777485974 0.2097403271992684 0
600 4.050218624218065 0.08897890922635304 0
601 4.000767839681659 0.2063011156441232 0
602 2.809509087480425 0.8165534038433255 0
603 2.855950814139512 0.9133368206025012 0
604 0.623179972637705 0.7117998386311732 0
605 0.5923696536431542 0.7307168839212108 0
606 0.5762017417613636 0.7020084907549433 0
607 4.816458333333127 0.08354166666665952 0
608 4.717772380678896 0.1659079090097452 0
609 4.701314047345464 0.08236624234308565 0
610 2.192514121162701 0.1078951945451922 0
611 2.105545830080249 0.1916682081967777 0
612 2.113031708913293 0.08377301365158547 0
613 1.171217547638496 0.3809530527353054 0
614 1.236285805128101 0.3145385350118693 0
615 2.85372888940879 0.09128904238712998 0
616 2.805470929875899 0.2036001115456736 0
617 3.750296959369544 0.9088582758997139 0
618 3.800296959369543 0.7888582758997538 0
619 3.999344701415564 0.7876040985630467 0
620 4.049344701415564 0.9076040985630067 0
621 3.405008209178642 0.797754925311809 0
622 3.453662786454381 0.9089045343067462 0
623 3.200304828766978 0.2111647689448702 0
624 3.150304828766901 0.09116476894482234 0
625 1.783559450344422 0.09096155078999456 0
626 1.212791360107143 0.08664385579645567 0
627 0.137803406484481 0.3047625077695118 0
628 0.133582800008964 0.324927682071475 0
629 0.1157657777531023 0.2989293043925509 0
630 1.676837942612237 0.3003489237488244 0
631 1.7173011993398 0.4146903857679086 0
632 4.601314047345314 0.08236624234308565 0
633 1.58310024071039 0.735095898637057 0
634 1.588661357760076 0.8161857713387678 0
635 3.901674099840078 0.3660788821938965 0
636 3.971777927466911 0.2916010515547743 0
637 3.97235359638132 0.4230355209131304 0
638 3.299999999998708 0.370000000000169 0
639 3.371841208450173 0.295410686355252 0
640 3.371841208451462 0.4254106863553252 0
641 2.610834739352243 0.1972931901307276 0
642 2.559092698884982 0.08498212097218399 0
643 2.557008163879184 0.9104545285913354 0
644 2.610566437220098 0.8136711118321597 0
645 3.231547207794582 0.5758741757092459 0
646 3.301345422724259 0.6388503910051839 0
647 3.232892630518844 0.7147245667141875 0
648 3.831964750749823 0.4238769293232736 0
649 3.831389081835415 0.2924424599649175 0
650 3.149980703074697 0.9095130796936897 0
651 3.201326125798957 0.7983634706987525 0
652 3.802982579777686 0.2077734343560573 0
653 3.752433364313939 0.09045122793828705 0
654 0.6153708297341357 0.4082797409279553 0
655 0.6353532829309357 0.3814026303707215 0
656 4.657564047345668 0.2261162423431984 0
657 3.230794299086725 0.4262329537891363 0
658 3.230794299085436 0.296232953789063 0
659 3.901124884377243 0.6287566757761662 0
660 3.829754092989588 0.7035387034252483 0
661 3.830878977366833 0.5722953792013346 0
662 0.07647793027518958 0.5279216588750548 0
663 0.1076105900291898 0.5173964306130012 0
664 2.64189076502519 0.2757111269963823 0
665 2.707489226706563 0.3387659988189186 0
666 2.645895910800877 0.3898549874982137 0
667 2.775472040216483 0.2818731392371467 0
668 2.77947718599217 0.3960169997389781 0
669 3.372296445488633 0.575215087547155 0
670 3.373641868212895 0.7140654785520966 0
671 3.971237265538188 0.5710327595606665 0
672 3.970112381160943 0.7022760837845801 0
673 1.980771928961474 0.6339022688745346 0
674 2.102397650866895 0.6566723655901682 0
675 2.052936579082767 0.7278361227115606 0
676 2.180908317707128 0.6294383040239748 0
677 2.108743667585834 0.5355044501869488 0
678 4.337413815714396 0.9123529204773186 0
679 4.357189935117297 0.7863081443579633 0
680 0.1152875310376125 0.5888122097208506 0
681 0.1367958849234593 0.5601387449797977 0
682 1.543192865944462 0.6605991962695723 0
683 1.660041030653745 0.7012816538510065 0
684 0.1177569846783805 0.4972670974259791 0
685 0.08838709990882018 0.4886864697011635 0
686 0.6548153164532888 0.606767449137203 0
687 0.6347668730581073 0.5971126276515539 0
688 0.655401726326005 0.3717478088849715 0
689 0.1862144046932146 0.705304021683535 0
690 0.2228669199184347 0.7015788010776374 0
691 0.2133397943498865 0.7231184825087401 0
692 0.07345567647865472 0.3007482813975158 0
693 0.05212284580168675 0.3018215245179466 0
694 0.05751302254787553 0.2775465647671875 0
695 0.03395409562522112 0.645433657356121 0
696 0.0472455846684304 0.624028166527113 0
697 0.05657110106029228 0.3517468492315857 0
698 0.09060114775506857 0.3491389601378216 0
699 1.452563782303616 0.463627823105102 0
700 0.5614612830010448 0.281402809382207 0
701 0.5247146948461479 0.2386144804525417 0
702 0.4892997889150352 0.528955735511611 0
703 0.5197931782080998 0.5271853469607635 0
704 2.267961733311006 0.08433337956803827 0
705 2.260475854477963 0.1922285741132305 0
706 2.187281150494094 0.875303109713597 0
707 2.255242883807373 0.7909697301459658 0
708 2.267961733313278 0.9156666204323687 0
709 0.4518682410186991 0.7559647658040618 0
710 0.4933143486221568 0.7952520362672233 0
711 4.375738560095561 0.2111005204983201 0
712 4.345530226761824 0.08714218716496699 0
713 4.400361596405347 0.4134023728109985 0
714 4.399221371492603 0.2973913119499861 0
715 0.2099286257433351 0.662364153316617 0
716 0.2370540154000069 0.6801786141418221 0
717 0.6158913418984828 0.5986924670868397 0
718 0.6187754886546928 0.569762987682241 0
719 1.180658215967032 0.2430160637819735 0
720 1.281210309377526 0.2448101828228071 0
721 1.346098755850227 0.5556842947746687 0
722 1.538687155050239 0.9282965932295222 0
723 0.1409710005320412 0.5006596867656057 0
724 0.1688970138004194 0.4751711575969312 0
725 0.2503441710762772 0.4583727459239069 0
726 0.2727502752121641 0.434667608338654 0
727 0.120129016697025 0.6659409551691887 0
728 0.1349511784285168 0.6913368269540008 0
729 0.1019528955408116 0.69789812366233 0
730 4.899117751896158 0.5542367839514107 0
731 4.899117751896158 0.4542367839514248 0
732 3.652433364313788 0.09045122793828705 0
733 3.602422141802115 0.1801915551375076 0
734 3.549988777486201 0.08974032719922054 0
735 2.955950814139512 0.9133368206025012 0
736 3.00593151721421 0.8228499002961909 0
737 3.049980703074696 0.9095130796936897 0
738 1.79910656630211 0.8204807429447647 0
739 1.849132363592273 0.9325915648355191 0
740 1.914787792180946 0.7851245778334827 0
741 1.815629631298509 0.7404221911072092 0
742 0.3593331155920643 0.6938895904216241 0
743 0.3671080393443362 0.7344537005133871 0
744 0.3332843105104745 0.7220846704521564 0
745 0.04842112871379788 0.3255197281706407 0
746 0.03247847478301869 0.3023180115403124 0
747 2.244535161144906 0.578149094400284 0
748 2.238189144425967 0.6993170098035033 0
749 0.548135291434488 0.4866299409165705 0
750 0.5487144193824523 0.5137225787407305 0
751 0.3470985953658129 0.2365326279668738 0
752 0.289491661029594 0.2132353803524899 0
753 0.6194473935289059 0.6545667762605292 0
754 0.6663712226595948 0.6534215128875058 0
755 0.6539358898866035 0.6819461820918824 0
756 0.1583736719863689 0.3036171035475962 0
757 0.1405566497305072 0.2776187258686721 0
758 2.405669918638961 0.5749645759931881 0
759 2.447624369074123 0.4815159160925819 0
760 2.485891815389302 0.5642392758487796 0
761 2.109947260546931 0.8059104402026092 0
762 1.988321538641509 0.7831403434869756 0
763 2.122666110052836 0.930607330489012 0
764 0.2630683565951676 0.6877249456522581 0
765 0.2501300624200681 0.6485102978912377 0
766 0.8365130316745837 0.7087146346066056 0
767 0.8345834716885525 0.7535732589132305 0
768 0.7959100147189373 0.7453705594618534 0
769 0.5391603108766645 0.5453450985673586 0
770 0.5652588945900356 0.5640192132428011 0
771 0.5363376534156832 0.5774819814628341 0
772 2.5732904754154 0.5565887233792353 0
773 2.531336024980238 0.6500373832798414 0
774 0.7493496468611305 0.6906564269370437 0
775 0.7366158254603502 0.6605413919130688 0
776 0.7851057533041883 0.6703969001312535 0
777 0.279827868543777 0.3319702861326813 0
778 0.2544886630616752 0.3174275453330574 0
779 0.279080374242402 0.3109219645161919 0
780 0.5811680973120613 0.5837494616279018 0
781 0.9021974823682886 0.5809369752536324 0
782 0.863800887969609 0.5721732031433523 0
783 0.9071101998312003 0.5372715515909825 0
784 0.2158911147407966 0.4524772210040878 0
785 0.2272855576709872 0.4808955249202869 0
786 0.04708312037349547 0.4534476001587994 0
787 0.02183329482333139 0.4634421907474619 0
788 1.729338706179282 0.6978811221706096 0
789 1.845019932058118 0.6625249570593277 0
790 0.5271058837406109 0.4459255714441429 0
791 0.5422180815332369 0.4700063333939734 0
792 1.121423465588565 0.4327245150152932 0
793 1.156888144101759 0.4793143268203232 0
794 1.071610226130939 0.4628771523360413 0
795 0.2251279955874645 0.7567609799203172 0
796 0.1884754803622445 0.760486200526215 0
797 0.5428933347229766 0.4248926244528146 0
798 0.5618942163738827 0.4050390196771647 0
799 0.5740897580034923 0.4245962348781613 0
800 0.3688569460743515 0.4971982273928359 0
801 0.3523334175613478 0.4691706272297511 0
802 0.3885299181346592 0.470907847383246 0
803 3.050304828766749 0.09116476894482234 0
804 3.00403371817873 0.1824538113319523 0
805 2.953728889408942 0.09128904238712998 0
806 3.553662786454381 0.9089045343067462 0
807 3.603959745823926 0.81776281020646 0
808 3.650296959369544 0.9088582758997139 0
809 0.3392786059499486 0.4411305109448807 0
810 0.2155629996568241 0.9438313593501498 0
811 0.8839006536398689 0.4870957649112501 0
812 0.9222972480385485 0.4958595370215301 0
813 0.2581569949823391 0.4059726781552272 0
814 0.2919575420484167 0.4106858444861734 0
815 0.05623634353487858 0.1952008638163316 0
816 0.09189461865275986 0.1920678556517364 0
817 0.084328109110738 0.2257393648847051 0
818 0.5824959947811015 0.4455307328711746 0
819 0.6014968764320074 0.4256771280955247 0
820 2.75974580240961 0.5492501047499515 0
821 2.713365958671653 0.643988590494725 0
822 2.665114528744293 0.5476483450655234 0
823 0.1886215104048188 0.6501718124208307 0
824 0.169035632519894 0.632210472645615 0
825 0.2045298433399825 0.6230026266055861 0
826 0.3774951488358984 0.09388672489444794 0
827 0.2982260771306515 0.1238355023044176 0
828 0.6514436898991082 0.2957962061312799 0
829 0.6665277730236932 0.3263004194125572 0
830 0.6179714629234134 0.3204841957067667 0
831 0.146731168198485 0.7250688492808899 0
832 0.1649072893546983 0.6931116807877487 0
833 0.4367069773877106 0.4990195258910807 0
834 0.4549001438741721 0.5279056707992985 0
835 0.4232466131341244 0.5278215924545486 0
836 0.6939490122294463 0.6044090606920585 0
837 0.6710164220780547 0.623683718611008 0
838 0.7602065618558076 0.3906227076736424 0
839 0.7919708146838058 0.3798619094527709 0
840 0.4032224920379087 0.5548963136518383 0
841 0.3850293255514472 0.5260101687436205 0
842 0.5763389794624758 0.3033416796614034 0
843 2.013031708913176 0.08377301365158547 0
844 0.2877508481666546 0.700456911131618 0
845 0.3008268951867157 0.6687885948810336 0
846 0.8306439316897603 0.4301868180358176 0
847 0.8127536321640095 0.4583450034242615 0
848 4.781234141980159 0.7654566511464138 0
849 4.663803990258185 0.7661267455803527 0
850 0.02433491699642836 0.2098188402931037 0
851 0.02433491699642836 0.2409095081714067 0
852 0.09519551225121443 0.2977839001706354 0
853 0.08980533550502565 0.3220588599213946 0
854 0.02253835119405931 0.3892352286575811 0
855 3.552732023994087 0.2587329193526436 0
856 3.655176610821674 0.2594438200917101 0
857 3.052723949581995 0.7405204875404017 0
858 2.95869406064681 0.7443442284492131 0
859 0.1382770256162714 0.3802159903064326 0
860 0.1536156713700159 0.4090215485384983 0
861 0.1284754415314158 0.402060237359434 0
862 0.4224346597165691 0.5791768565402939 0
863 0.4582972444285884 0.5794735915422068 0
864 0.4392921245245717 0.6019427107197342 0
865 0.6722020422690198 0.3532341309450645 0
866 0.6945482225470265 0.3739935308419921 0
867 0.8415226947646622 0.8195269415038928 0
868 2.662925615844081 0.7244099986459728 0
869 2.757556889509398 0.7260117583304009 0
870 0.1123409835276283 0.3461745789109413 0
871 0.2758186276154671 0.5807245961223133 0
872 0.2534776422264217 0.6008752882729936 0
873 0.07110004210233682 0.4727207590043305 0
874 0.07451657282916951 0.4492839776686103 0
875 0.5406324613152124 0.6052256924608943 0
876 0.5145338776018413 0.5865515777854518 0
877 0.4529792181960996 0.4719541202664919 0
878 0.4683604096965381 0.4461029697658139 0
879 4.916458333333279 0.1835416666664385 0
880 4.916458333333279 0.08354166666665952 0
881 4.91645833333338 0.9164583333333376 0
882 4.91645833333338 0.8164583333330743 0
883 1.085939629667676 0.3645158782510235 0
884 0.4048021589430482 0.4438424417586572 0
885 0.4213256874560519 0.4718700419217421 0
886 0.08460804282242511 0.7239696493938587 0
887 0.06978588109093324 0.6985737776090466 0
888 0.2464939789341965 0.3764536697365581 0
889 0.2272867120979439 0.4004354335890387 0
890 0.5969225490351064 0.7697941212019244 0
891 0.7151305384001128 0.2626690839007266 0
892 0.7536163090842317 0.274780517696968 0
893 0.7384857706835067 0.3137238636333118 0
894 2.953728889410448 0.2612890423871759 0
895 3.050304828768256 0.2611647689448683 0
896 3.650296959369555 0.738858275899745 0
897 3.553662786454392 0.7389045343067773 0
898 0.07421204000455435 0.8080150945456887 0
899 0.04932265523250227 0.8069294236862117 0
900 0.06388116428618385 0.779949960112525 0
901 1.140166440168296 0.5651610913355565 0
902 0.1744344149232465 0.6715719993566459 0
903 0.6221019750920112 0.8083172868712835 0
904 0.6645273105764002 0.7790313974667997 0
905 0.3955306866450877 0.2637177640491414 0
906 0.3023917772456638 0.6343653920647083 0
907 0.2744863972863565 0.6322104022974207 0
908 0.3007337709167915 0.6105191649604553 0
909 0.8554845544763785 0.3663448056875044 0
910 0.8014245136046834 0.3580652763704524 0
911 0.7055049184357523 0.6510631244423613 0
912 0.5928895603500137 0.1820259585510066 0
913 0.6500852163354045 0.1977613030008228 0
914 0.1217475104116715 0.4719497258537679 0
915 0.5796081048689235 0.6695517369977 0
916 0.8156300512050527 0.6280602459566405 0
917 0.8283638726058329 0.6581752809806154 0
918 1.059182853161034 0.6606462559084123 0
919 1.109191735862973 0.6155915675069019 0
920 0.2955257719189264 0.741021021223381 0
921 0.160777630251613 0.5996708592260744 0
922 0.1448692973164493 0.626840045041319 0
923 0.0959392844364324 0.4427456453297972 0
924 0.1185795808000071 0.4238999748684763 0
925 0.1211737909215856 0.4497114660528205 0
926 1.335110523873047 0.9401678389461858 0
927 1.438687155050239 0.9282965932295222 0
928 0.02622051418627338 0.7123226516702876 0
929 0.02622051418627338 0.7358493300235856 0
930 0.08636911835791547 0.6267934359710674 0
931 0.09713775192613879 0.6515163953827994 0
932 0.475839424661449 0.5577578020750791 0
933 0.1405566497305072 0.2495398391834333 0
934 0.1602785312891441 0.2131554432404816 0
935 0.180848796791032 0.2400889257038049 0
936 0.4659101887809007 0.2111220495625064 0
937 0.4917848601905867 0.2370549405356275 0
938 0.4283008454824525 0.243773665531975 0
939 0.5884132046823525 0.4621543403937717 0
940 0.5610060862538374 0.4610734471764084 0
941 0.1343786122590069 0.3520077822879021 0
942 0.1595188420976071 0.3589690934669664 0
943 0.5349128826646921 0.294764506618121 0
944 0.3492255472247198 0.6648364196962832 0
945 0.3830492760585814 0.6772054497575137 0
946 0.1527568419156703 0.5780640516586255 0
947 1.384605133459481 0.6505657833627434 0
948 1.427745698391854 0.599531952467548 0
949 0.3270742688171507 0.6470973575440683 0
950 0.3099658609277574 0.381855375713928 0
951 0.2908919207715477 0.3537278098092812 0
952 0.3660343453443256 0.6071600652227822 0
953 0.384217372133892 0.5773654328293658 0
954 1.996511302926794 0.3367226639460439 0
955 1.979211694087805 0.4329450725075881 0
956 1.899412633464382 0.3923833180820122 0
957 0.06375784360885012 0.2526728473480284 0
958 0.0994161187267314 0.2495398391834333 0
959 0.04242501293188214 0.2537460904684593 0
960 0.01809009593545378 0.2657832255905658 0
961 0.5461324915023249 0.3883451412549531 0
962 0.582145249063967 0.0559373641566215 0
963 0.50502047346962 0.1116117264116948 0
964 0.5228752244051695 0.05567436225507334 0
965 2.05327168214791 0.4700114650623809 0
966 1.956173012685498 0.5256721191983493 0
967 4.150218624218216 0.08897890922635304 0
968 0.7823630277270159 0.2172531663498905 0
969 0.9970666246285309 0.7719066340863953 0
970 0.9539540589265199 0.8361311504389031 0
971 4.149344701415563 0.9076040985630067 0
972 0.7056742692447146 0.3285461413695778 0
973 0.9953161451316837 0.5781816200925123 0
974 0.9915966523049461 0.6221522007539896 0
975 0.9417873014031424 0.5900059043627398 0
976 0.3245591411575823 0.4105503058973549 0
977 0.4542110440746203 0.4173613447401288 0
978 0.4849735255067175 0.4186596782087894 0
979 4.514680303972199 0.5601040092624119 0
980 4.454941198462459 0.640171928500905 0
981 4.402958010982311 0.5600067076272242 0
982 4.245530226761672 0.08714218716496699 0
983 4.195748850981104 0.17612109639132 0
984 0.3572869248292893 0.4123000421726353 0
985 0.2131884075111844 0.429776977953896 0
986 0.2015253914630418 0.400257969535227 0
987 2.367961733313278 0.9156666204323687 0
988 2.424969897192463 0.8261211490237042 0
989 2.457008163879185 0.9104545285913354 0
990 2.45909269888483 0.08498212097218399 0
991 2.427054432199939 0.1693155005402223 0
992 2.367961733311158 0.08433337956803827 0
993 0.7958147783709986 0.1604511985277449 0
994 0.8407380905371318 0.1176509154615126 0
995 0.8793882908193274 0.1679803116691657 0
996 0.5864770822548953 0.8407001325307129 0
997 0.5586475374615034 0.8871322211503003 0
998 0.5266676687573254 0.8455120992259957 0
999 0.1443878067752462 0.4531040553924471 0
1000 0.130136034813844 0.6449550986744703 0
1001 0.4220132179127885 0.4179061320000291 0
1002 0.3892174485913957 0.4169439374615331 0
1003 3.55647401826453 0.5783205124232389 0
1004 3.603822639465668 0.498399077873338 0
1005 3.647348621201159 0.5800785654501612 0
1006 2.960175129145512 0.5787627170336329 0
1007 3.011098549304879 0.4977553091869594 0
1008 3.056409913173962 0.5810074078467503 0
1009 4.150092320011916 0.5750196445835281 0
1010 4.194119462351377 0.4950193533782065 0
1011 4.23381955650546 0.5747781887092364 0
1012 4.23797807245502 0.4160949783904793 0
1013 4.154250835961476 0.4163364342647709 0
1014 3.650091867707971 0.4190711576035532 0
1015 3.559217264771342 0.4173131045766309 0
1016 3.053666666666651 0.4200000000000843 0
1017 2.957431882638201 0.4177553091869669 0
1018 0.09496383472480709 0.8373164779486513 0
1019 0.1095223437784887 0.8103370143749645 0
1020 4.833482968942056 0.4105424740755326 0
1021 4.934365217045897 0.3563056901230827 0
1022 4.790615217045948 0.300055690123708 0
1023 4.755367751896209 0.3979867839520501 0
1024 4.936070378775264 0.6439386870189856 0
1025 4.835188130671422 0.5981754709714495 0
1026 4.800846187422042 0.6929370048325885 0
1027 4.237413815714396 0.9123529204773186 0
1028 0.04572575847950065 0.6952563090263226 0
1029 4.77270833333333 0.2272916666667723 0
1030 0.1156320013712789 0.7781965279446312 0
1031 0.1363837960915316 0.8074979113475937 0
1032 0.6785822890441597 0.05506090116004585 0
1033 0.7067747476498978 0.134885197427973 0
1034 0.6281924586052545 0.07982429626792717 0
1035 0.4549166451895376 0.6291370053611645 0
1036 0.4190540604775183 0.6288402703592515 0
1037 0.0143883788475649 0.3380081075965669 0
1038 0.03692673004162422 0.3522433362539514 0
1039 0.02253835119405931 0.364235228657512 0
1040 0.8445324673982091 0.9244123496196537 0
1041 0.9445324673982087 0.9244123496196537 0
1042 0.02183329482333139 0.4884421907475255 0
1043 0.1656205870807213 0.430232654745792 0
1044 0.1661943065708072 0.4524709145467394 0
1045 0.02982676547543639 0.8632011524866494 0
1046 0.07976912479250024 0.8723905747575882 0
1047 0.04994235931706385 0.9005971691248622 0
1048 0.1218780325455631 0.6124154852549297 0
1049 4.149273347251384 0.2576849388648749 0
1050 4.24458494979484 0.2558482168034889 0
1051 0.04994235931706385 0.9548932956979004 0
1052 0.04980420156604271 0.04355816293496088 0
1053 0.04980420156604271 0.09785428950821463 0
1054 0.02982676547543639 0.8221146252914635 0
1055 0.7412610248788101 0.6308035976365711 0
1056 0.7331056606815259 0.6120215884934525 0
1057 0.7642165677061239 0.62149985596416 0
1058 0.8416079464749979 0.5549101533708207 0
1059 0.8198235298194453 0.5506701439082097 0
1060 0.846929188776968 0.5242677700180913 0
1061 0.8302775748295974 0.4950530706578818 0
1062 0.8520619914851501 0.499293080120493 0
1063 0.7934371097104416 0.610797196184109 0
1064 0.8366952290120863 0.5985755770334706 0
1065 0.8022995871538843 0.5573504505862943 0
1066 0.7884256338517988 0.5747478377537718 0
1067 0.7852817455131576 0.5920151870409903 0
1068 0.7592050918474811 0.5854504975338231 0
1069 0.237604391350409 0.8027974982734538 0
1070 0.2624687053380509 0.7654297802559791 0
1071 0.2438914918749988 0.1874754045454695 0
1072 0.1901297941058945 0.452299756950276 0
1073 0.8076208294558542 0.5267080672335649 0
1074 2.813179068879339 0.474210238847296 0
1075 2.861430498806699 0.5705504842764976 0
1076 4.076424824932992 0.4219092497632531 0
1077 4.00632099730616 0.4963870804023753 0
1078 3.478315226715982 0.4237311987784119 0
1079 3.406474018264518 0.498320512423329 0
1080 0.3546199244303193 0.0382123626393746 0
1081 0.2546199244304041 0.0382123626393746 0
1082 0.03190142653845022 0.1350608038649352 0
1083 0.03190142653845022 0.176147331060135 0
1084 1.456996617650007 0.5272514384250726 0
1085 1.495502995259261 0.6221329270131473 0
1086 0.185622062395072 0.3508386553094027 0
1087 0.1817052458062486 0.3216593449187452 0
1088 0.2117068794609779 0.3417371147797121 0
1089 4.186758517129961 0.8199570190403254 0
1090 1.134730736990276 0.1895294869330525 0
1091 1.089806232740851 0.2592578391221146 0
1092 0.1895480193338729 0.2717382013729088 0
1093 1.76600391116964 0.2621592905598145 0
1094 0.4141437614021839 0.325362642414455 0
1095 0.4230404155740474 0.3660690794961931 0
1096 0.465484803828765 0.8416841248868108 0
1097 0.08170562810449293 0.1243228402266423 0
1098 0.3865953589781714 0.7770364212359788 0
1099 0.4126441640597612 0.7488413412054465 0
1100 0.8920896624791166 0.3940390532027274 0
1101 0.8624825938444791 0.4179895028265747 0
1102 0.01949588975706589 0.7629588229798219 0
1103 0.01949588975706589 0.7940494908582999 0
1104 0.3080021676818708 0.7870575395765176 0
1105 0.5231567057194473 0.6571365176351225 0
1106 0.5487977858743727 0.6884687822877376 0
1107 0.5197503426118874 0.6895932713923658 0
1108 1.00942159152831 0.9117188008192494 0
1109 0.01950524429322727 0.682933657356035 0
1110 0.01950524429322727 0.6579336573560851 0
1111 0.610337707669705 0.1357616604245487 0
1112 0.2315131101176024 0.3255168356693007 0
1113 0.2354299267064257 0.3546961460599582 0
1114 0.9566789373884228 0.6771760757792544 0
1115 1.010207781116964 0.6653517915090268 0
1116 0.04571640394333926 0.7517547962968116 0
1117 0.8177051887688898 0.4800391903801418 0
1118 0.8125723860607077 0.5050138802777401 0
1119 0.4228752244052434 0.05567436225507334 0
1120 4.391385572139186 0.6939925373135032 0
1121 4.503107865129074 0.6940898389486909 0
1122 0.4875723261499286 0.1578760245381528 0
1123 0.5007609764890834 0.3976267312174611 0
1124 0.5149103421110011 0.4263683562431462 0
1125 0.8854448588285384 0.2254493684233258 0
1126 0.9107581810574492 0.2912562490874553 0
1127 0.7391566484524413 0.595105319019565 0
1128 0.7162011056251274 0.604409060691976 0
1129 0.175422171165577 0.4083884076927906 0
1130 0.1895204757523364 0.3790468633279333 0
1131 0.4386263337229679 0.3904628404430046 0
1132 0.9844468088718354 0.5308679743931575 0
1133 1.034256159773639 0.5630142707844072 0
1134 0.1807000689061951 0.8636505582391134 0
1135 0.1655053589738883 0.8987246550480503 0
1136 0.1150794285664346 0.8747124945868641 0
1137 0.8984779895415511 0.6249075559151096 0
1138 0.1199863842286193 0.2506852434053488 0
1139 0.09941611872673142 0.2776187258686721 0
1140 0.7171391202926962 0.7119868276971999 0
1141 0.7656290481365342 0.7218423359153846 0
1142 3.727102714190738 0.5736172688753385 0
1143 3.798473505578392 0.4988352412262564 0
1144 3.203666666666663 0.5000000000001595 0
1145 3.134460965753391 0.4262329537890536 0
1146 2.022666110052836 0.930607330489012 0
1147 4.232310022797396 0.7397421604345976 0
1148 4.144240908498563 0.7349933385202858 0
1149 1.299439016589291 0.667401881443626 0
1150 0.07060578871539133 0.7528404671562886 0
1151 0.1027728031652697 0.752164813209572 0
1152 0.8672490396924983 0.4578810655510407 0
1153 2.88116188238926 0.4173173792655242 0
1154 3.478770463753154 0.5735355999702417 0
1155 4.075308494089861 0.5699064884107892 0
1156 0.04048720082531841 0.501258652363523 0
1157 0.01865390600198703 0.5128164616165289 0
1158 2.566375506382353 0.7316479439964838 0
1159 2.478976846356255 0.7392984964660283 0
1160 0.7675178424467481 0.3476319305118716 0
1161 0.734706341007956 0.3624542082481377 0
1162 0.7441600399288335 0.3406575751658191 0
1163 1.971387830067105 0.2318534684118195 0
1164 2.051186890690529 0.2724152228373953 0
1165 2.130669302939938 0.2965374037310021 0
1166 0.1149152149214215 0.1182419990816014 0
1167 0.152378932912255 0.1002984586126261 0
1168 0.1676857447015911 0.1314241318243057 0
1169 0.9621558014919365 0.06259001430146671 0
1170 0.8621558014922284 0.06259001430146671 0
1171 0.670103801768394 0.7106545752581498 0
1172 0.7785822890438996 0.05506090116004585 0
1173 0.266300209590821 0.3602333906261467 0
1174 4.314543264921602 0.2605751657816 0
1175 4.268067761191881 0.3421390082551549 0
1176 4.310532802158747 0.5674262621848161 0
1177 4.370271907668487 0.4873583429463229 0
1178 2.389930415790348 0.7445105883070616 0
1179 2.388200297606296 0.2421902409920423 0
1180 2.479331263179967 0.2428389823961881 0
1181 2.619670319153356 0.4618502376344618 0
1182 2.554071857471984 0.3987953658119255 0
1183 0.4494190619819665 0.9459720939227916 0
1184 0.5494190619819666 0.9459720939227916 0
1185 0.9357196298087952 0.4556299603561045 0
1186 0.9589291760001266 0.5058057470358369 0
1187 0.1595903664044941 0.7511005640159492 0
1188 0.1296342554783127 0.7493257101822013 0
1189 0.4926968894694516 0.5805236562545193 0
1190 0.02136872015442035 0.5645260250781354 0
1191 0.02136872015442035 0.5895260250780635 0
1192 2.131782348988142 0.4427774034961876 0
1193 2.177669614580803 0.3678843526616309 0
1194 2.233141600018727 0.4333773377861987 0
1195 0.4828571304003819 0.689383238209918 0
1196 0.453141789743143 0.6882700173403835 0
1197 0.4643939217997231 0.6571477858702164 0
1198 2.923729999751032 0.339562070078649 0
1199 2.877458889161506 0.2608511124657331 0
1200 4.069457082576509 0.7298801823475469 0
1201 3.475959231943016 0.7341196218537801 0
1202 4.115008588243944 0.6496653237418192 0
1203 3.522296445488645 0.655215087547065 0
1204 0.6659340897601416 0.9449107250499135 0
1205 0.7659340897601417 0.9449107250499135 0
1206 0.01809009593545378 0.2893099039438092 0
1207 0.4969916973689807 0.6082673672525796 0
1208 2.232028553970523 0.2871373380210132 0
1209 0.6049015353524214 0.5523656005146586 0
1210 0.5839907547730426 0.5516125787324262 0
1211 1.841915571498068 0.2390420055502286 0
1212 1.832211925503637 0.1512230887190703 0
1213 1.907008596308939 0.2083419926893097 0
1214 0.7168003159426979 0.3739935308419198 0
1215 0.9840951783747782 0.1654756454380635 0
1216 1.016266995816107 0.1128284480535938 0
1217 1.076050571205425 0.1531240648887239 0
1218 0.7401581184606125 0.3809678861879723 0
1219 2.318869727245152 0.739680520522275 0
1220 2.372876676408943 0.6528578679645991 0
1221 2.307476166118827 0.2635755230438593 0
1222 2.359752997098856 0.3370990048998251 0
1223 1.235110523873047 0.9401678389461858 0
1224 3.135213874461249 0.5758741757091632 0
1225 3.728188487573729 0.4251988189972775 0
1226 3.524584454958286 0.3444032785086272 0
1227 3.471829985938727 0.2651510135544246 0
1228 4.120283435036635 0.342984874775526 0
1229 4.0714473362229 0.2632577543633571 0
1230 2.859949430307998 0.7361319956920778 0
1231 2.906741862675783 0.6538025829362885 0
1232 0.1653963525302133 0.1765361010270671 0
1233 0.1251042054696884 0.1859870145066955 0
1234 0.01865390600198703 0.537816461616457 0
1235 0.5050470646548866 0.3416574069028706 0
1236 0.4956599008861787 0.3755112371245579 0
1237 0.4802113236535076 0.3560642229614169 0
1238 0.6092284754795365 0.9411601272275088 0
1239 0.6751625652396784 0.8860708522774222 0
1240 1.949132363592274 0.9325915648355191 0
1241 1.823500973135954 0.4155006030915982 0
1242 1.840800581974943 0.319278194530054 0
1243 1.775913250829239 0.4877955093198669 0
1244 0.1844584890522749 0.2945155630179056 0
1245 0.09701243989382899 0.155448513438322 0
1246 0.04002262615640738 0.5523424866942047 0
1247 4.307936387581782 0.4208219273685904 0
1248 1.97179847364511 0.8631988953245311 0
1249 1.076100200338811 0.5598974403124166 0
1250 0.8670373295754481 0.6663779804319925 0
1251 0.4038101444168606 0.6520934220164273 0
1252 0.3881856237518946 0.6248991273749971 0
1253 3.730051052359134 0.7323969793249221 0
1254 3.6797540929896 0.6535387034252393 0
1255 3.131099127854994 0.2673977227338375 0
1256 3.080794299086713 0.3462329537890611 0
1257 4.309023268450682 0.7323902339101773 0
1258 4.266505659819284 0.6474265533901376 0
1259 4.934365217045897 0.2563056901233741 0
1260 4.936070378775264 0.7439386870192489 0
1261 3.131527910869281 0.7353872554028145 0
1262 3.084290454301881 0.6568815835558367 0
1263 3.733273230687431 0.2655714814854344 0
1264 3.683583112879403 0.3441128457005704 0
1265 0.05416545349085691 0.6010541916049685 0
1266 0.06835060366794866 0.581188018987903 0
1267 0.07977861684996487 0.6031901604369884 0
1268 0.1713785676420722 0.7847430614275263 0
1269 0.165268910049282 0.8168835478578596 0
1270 0.05872629779979518 0.5630397825089036 0
1271 0.6540818437961892 0.8499374087955881 0
1272 1.051625420543513 0.9560486005622164 0
1273 1.151625420543513 0.9560486005622164 0
1274 1.02426513824451 0.715670130933677 0
1275 0.01444885133199384 0.6375000000001363 0
1276 1.015261142061696 0.3663759047060484 0
1277 1.065055224111627 0.3146044424260605 0
1278 0.6718927577296021 0.2687432216514308 0
1279 0.5468423508087261 0.1581390264397009 0
1280 0.3975740703747082 0.8244742015995988 0
1281 0.3520379456592832 0.8100865609075394 0
1282 0.0143883788475649 0.3130081075965032 0
1283 1.820421015782142 0.5542948073831422 0
1284 1.714221241985988 0.5534845900594527 0
1285 1.906711940901369 0.5968358763197418 0
1286 2.484161697205394 0.3932521693980908 0
1287 2.403939800455053 0.4039774695424993 0
1288 1.211952689102994 0.8300811256855453 0
1289 0.03581757148641419 0.6020260250780276 0
1290 0.01444885133199384 0.6125000000002081 0
1291 1.186735944416561 0.8962164395084022 0
1292 1.12846758577346 0.845961887301576 0
1293 1.154111194322291 0.05023843375212705 0
1294 1.054111194322583 0.05023843375212705 0
1295 2.323215668967584 0.4253627515943161 0
1296 2.277328403374924 0.5002558024288728 0
1297 2.334609230093764 0.5701345082084014 0
1298 0.05601148364736185 0.5363302190472252 0
1299 0.3507904292836678 0.6304132168799579 0
1300 0.4552382417358794 0.3655242922362927 0
1301 0.4646254055045872 0.3316704620146054 0
1302 1.961684184072674 0.1440345515806612 0
1303 0.2307656158162274 0.3044685140528113 0
1304 1.166902554431605 0.1368822895485827 0
1305 0.4469139202395487 0.3054185438972887 0
1306 0.4718870021571771 0.2959584746224129 0
1307 1.59723369577525 0.5184188524834246 0
1308 1.520321079171023 0.4862287976507013 0
1309 0.5255967174904623 0.3832199151589147 0
1310 1.948652475155009 0.06026153792907571 0
1311 1.848652475155292 0.06026153792907571 0
1312 0.4139177127842051 0.6811465927417683 0
1313 0.4323809213848638 0.7133820450814699 0
1314 0.9901517463839891 0.2229447021922236 0
1315 0.9303681709946716 0.1826490853570935 0
1316 4.58235992733758 0.7372630428353229 0
1317 0.5410314158994202 0.3662296471620499 0
1318 0.5351431105068403 0.3389038989816645 0
1319 1.061047012071824 0.8677674013814659 0
1320 0.06095364745314614 0.4928500921913526 0
1321 0.05777425863180178 0.5172243630603559 0
1322 0.8104665571583509 0.8693230746695672 0
1323 0.919348411504729 0.3666896176346081 0
1324 0.9263464508728297 0.4183343147736784 0
1325 1.046041696672601 0.7672010984857807 0
1326 4.850823550379176 0.2398473567902547 0
1327 4.852528712108644 0.7603970203528498 0
1328 1.065230864078962 0.5125837946130618 0
1329 1.029766185565768 0.4659939828080319 0
1330 0.1005542685350072 0.6069272633540019 0
1331 1.644923566460451 0.5568851217398496 0
1332 1.572443785202616 0.5883186822270968 0
1333 0.4871053515476997 0.2712660964220104 0
1334 1.689431331413354 0.6233844198031249 0
1335 0.7629243171265949 0.8400253169341525 0
1336 0.2484720560911958 0.6246640707869848 0
1337 1.019127745134871 0.2611178655771395 0
1338 0.4214053580547737 0.2896506550222626 0
1339 0.997869190642082 0.4906383977277319 0
1340 1.004248552694059 0.4409317554507113 0
1341 0.2156948404567357 0.8408957083190458 0
1342 0.2028600705210468 0.1585925605580918 0
1343 0.939734179808331 0.3294294124723712 0
1344 0.9739909682020442 0.3537246740433222 0
1345 0.1769231771191149 0.5834344792629216 0
1346 0.7437128274448204 0.1669237701422373 0
1347 0.1499423593170635 0.9548932956979004 0
1348 0.6870232961303271 0.229799875715087 0
1349 0.9654007377547644 0.2782913054961694 0
1350 0.2291213073601332 0.6171751838668107 0
1351 2.549241423446557 0.2483821788100227 0
1352 2.510387288852915 0.3212569192618427 0
1353 0.1974407455104771 0.5822594240693344 0
1354 0.2025747313461292 0.0567402956776652 0
1355 0.1498042015659596 0.04355816293496088 0
1356 0.5196945332741693 0.3194568848185235 0
1357 0.4846319858467765 0.630250226230699 0
1358 0.6863832030437977 0.7418404842364907 0
1359 0.5355164172416514 0.6351536586570031 0
1360 0.9066271486103019 0.6754469095411 0
1361 0.4309273905098767 0.8747342645583712 0
1362 0.2095354294752084 0.5992138440915951 0
1363 0.763699488150503 0.7667009602220094 0
1364 0.9948753737580934 0.4036361098682852 0
1365 0.5064689739791661 0.6362781477616315 0
1366 1.086263756758258 0.8016320875586089 0
1367 0.2461808840463766 0.1423634353427082 0
1368 0.5048168368127383 0.2975180145393271 0
1369 0.6933229970059152 0.1916871652501186 0
1370 0.2571946557766994 0.09495265831703979 0
1371 0.9629783788344077 0.4282805247879852 0
1372 0.7418435956831055 0.8038918734523184 0
1373 0.7107874580767943 0.8536880066179928 0
1374 0.7115626291007025 0.7803636499058497 0
1375 0.2128795931537527 0.2897804427440579 0
$EndNodes
$Elements
730
1 8 2 100 1 1 9 33
2 8 2 100 1 9 10 34
3 8 2 100 1 10 11 35
4 8 2 100 1 11 12 36
5 8 2 100 1 12 13 37
6 8 2 100 1 13 14 38
7 8 2 100 1 14 15 39
8 8 2 100 1 15 16 40
9 8 2 100 1 16 17 41
10 8 2 100 1 17 18 42
11 8 2 100 1 18 19 43
12 8 2 100 1 19 20 44
13 8 2 100 1 20 21 45
14 8 2 100 1 21 22 46
15 8 2 100 1 22 23 47
16 8 2 100 1 23 24 48
17 8 2 100 1 24 25 49
18 8 2 100 1 25 26 50
19 8 2 100 1 26 27 51
20 8 2 100 1 27 28 52
21 8 2 100 1 28 29 53
22 8 2 100 1 29 30 54
23 8 2 100 1 30 31 55
24 8 2 100 1 31 32 56
25 8 2 100 1 32 2 57
26 8 2 200 2 2 58 62
27 8 2 200 2 58 59 63
28 8 2 200 2 59 60 64
29 8 2 200 2 60 61 65
30 8 2 200 2 61 3 66
31 8 2 300 3 3 67 91
32 8 2 300 3 67 68 92
33 8 2 300 3 68 69 93
34 8 2 300 3 69 70 94
35 8 2 300 3 70 71 95
36 8 2 300 3 71 72 96
37 8 2 300 3 72 73 97
38 8 2 300 3 73 74 98
39 8 2 300 3 74 75 99
40 8 2 300 3 75 76 100
41 8 2 300 3 76 77 101
42 8 2 300 3 77 78 102
43 8 2 300 3 78 79 103
44 8 2 300 3 79 80 104
45 8 2 300 3 80 81 105
46 8 2 300 3 81 82 106
47 8 2 300 3 82 83 107
48 8 2 300 3 83 84 108
49 8 2 300 3 84 85 109
50 8 2 300 3 85 86 110
51 8 2 300 3 86 87 111
52 8 2 300 3 87 88 112
53 8 2 300 3 88 89 113
54 8 2 300 3 89 90 114
55 8 2 300 3 90 4 115
56 8 2 400 4 4 116 119
57 8 2 400 4 116 117 120
58 8 2 400 4 117 118 121
59 8 2 400 4 118 7 122
60 8 2 500 5 5 123 129
61 8 2 500 5 123 124 130
62 8 2 500 5 124 125 131
63 8 2 500 5 125 126 132
64 8 2 500 5 126 127 133
65 8 2 500 5 127 128 134
66 8 2 500 5 128 6 135
67 8 2 600 6 6 136 142
68 8 2 600 6 136 137 143
69 8 2 600 6 137 138 144
70 8 2 600 6 138 139 145
71 8 2 600 6 139 140 146
72 8 2 600 6 140 141 147
73 8 2 600 6 141 5 148
74 8 2 400 7 7 149 156
75 8 2 400 7 149 150 157
76 8 2 400 7 150 151 158
77 8 2 400 7 151 152 159
78 8 2 400 7 152 153 160
79 8 2 400 7 153 154 161
80 8 2 400 7 154 155 162
81 8 2 400 7 155 8 163
82 8 2 400 8 8 164 167
83 8 2 400 8 164 165 168
84 8 2 400 8 165 166 169
85 8 2 400 8 166 1 170
86 9 2 10 12 359 232 200 451 452 453
87 9 2 10 12 16 309 241 454 455 456
88 9 2 10 12 71 72 247 96 457 458
89 9 2 10 12 74 75 248 99 459 460
90 9 2 10 12 21 22 246 46 461 462
91 9 2 10 12 77 78 251 102 463 464
92 9 2 10 12 24 25 249 49 465 466
93 9 2 10 12 27 28 250 52 467 468
94 9 2 10 12 5 141 313 148 469 470
95 9 2 10 12 198 239 413 471 472 473
96 9 2 10 12 196 241 326 474 475 476
97 9 2 10 12 5 313 450 470 477 478
98 9 2 10 12 223 363 278 479 480 481
99 9 2 10 12 89 353 422 482 483 484
100 9 2 10 12 245 423 322 485 486 487
101 9 2 10 12 260 413 419 488 489 490
102 9 2 10 12 196 328 241 491 492 474
103 9 2 10 12 223 278 329 481 493 494
104 9 2 10 12 173 243 396 495 496 497
105 9 2 10 12 172 282 302 498 499 500
106 9 2 10 12 174 413 260 501 488 502
107 9 2 10 12 67 356 358 503 504 505
108 9 2 10 12 234 392 253 506 507 508
109 9 2 10 12 183 253 392 509 507 510
110 9 2 10 12 287 364 386 511 512 513
111 9 2 10 12 127 274 128 514 515 134
112 9 2 10 12 235 393 268 516 517 518
113 9 2 10 12 268 393 392 517 519 520
114 9 2 10 12 202 422 353 521 483 522
115 9 2 10 12 30 382 253 523 524 525
116 9 2 10 12 16 241 328 456 492 526
117 9 2 10 12 209 302 282 527 499 528
118 9 2 10 12 406 321 242 529 530 531
119 9 2 10 12 67 68 356 92 532 503
120 9 2 10 12 82 83 254 107 533 534
121 9 2 10 12 172 322 282 535 536 498
122 9 2 10 12 198 439 239 537 538 471
123 9 2 10 12 69 252 356 539 540 541
124 9 2 10 12 215 364 287 542 511 543
125 9 2 10 12 206 273 270 544 545 546
126 9 2 10 12 192 236 426 547 548 549
127 9 2 10 12 173 265 443 550 551 552
128 9 2 10 12 15 328 294 553 554 555
129 9 2 10 12 239 419 413 556 489 472
130 9 2 10 12 193 203 238 557 558 559
131 9 2 10 12 153 154 262 161 560 561
132 9 2 10 12 173 287 243 562 563 495
133 9 2 10 12 198 270 273 564 545 565
134 9 2 10 12 182 326 241 566 475 567
135 9 2 10 12 308 322 423 568 486 569
136 9 2 10 12 178 261 409 570 571 572
137 9 2 10 12 196 258 265 573 574 575
138 9 2 10 12 198 413 270 473 576 564
139 9 2 10 12 198 317 288 577 578 579
140 9 2 10 12 240 260 425 580 581 582
141 9 2 10 12 262 331 398 583 584 585
142 9 2 10 12 194 264 279 586 587 588
143 9 2 10 12 208 327 257 589 590 591
144 9 2 10 12 233 275 352 592 593 594
145 9 2 10 12 195 398 331 595 584 596
146 9 2 10 12 198 273 317 565 597 577
147 9 2 10 12 25 296 249 598 599 465
148 9 2 10 12 28 297 250 600 601 467
149 9 2 10 12 77 251 298 464 602 603
150 9 2 10 12 190 399 321 604 605 606
151 9 2 10 12 32 357 382 607 608 609
152 9 2 10 12 19 256 360 610 611 612
153 9 2 10 12 196 265 330 575 613 614
154 9 2 10 12 22 303 246 615 616 461
155 9 2 10 12 72 305 247 617 618 457
156 9 2 10 12 71 247 306 458 619 620
157 9 2 10 12 74 248 304 460 621 622
158 9 2 10 12 24 249 307 466 623 624
159 9 2 10 12 16 17 309 41 625 454
160 9 2 10 12 14 15 294 39 555 626
161 9 2 10 12 430 277 312 627 628 629
162 9 2 10 12 182 241 370 567 630 631
163 9 2 10 12 30 31 382 55 632 523
164 9 2 10 12 215 254 364 633 634 542
165 9 2 10 12 184 250 376 635 636 637
166 9 2 10 12 185 249 375 638 639 640
167 9 2 10 12 21 246 337 462 641 642
168 9 2 10 12 78 336 251 643 644 463
169 9 2 10 12 383 185 248 645 646 647
170 9 2 10 12 184 384 250 648 649 635
171 9 2 10 12 75 319 248 650 651 459
172 9 2 10 12 27 250 320 468 652 653
173 9 2 10 12 124 329 278 654 493 655
174 9 2 10 12 234 253 382 508 524 656
175 9 2 10 12 185 368 249 657 658 638
176 9 2 10 12 184 247 367 659 660 661
177 9 2 10 12 240 424 260 662 663 580
178 9 2 10 12 449 246 186 664 665 666
179 9 2 10 12 246 347 186 667 668 665
180 9 2 10 12 248 185 348 646 669 670
181 9 2 10 12 184 349 247 671 672 659
182 9 2 10 12 229 387 255 673 674 675
183 9 2 10 12 187 255 387 676 674 677
184 9 2 10 12 69 325 252 678 679 539
185 9 2 10 12 188 425 260 680 581 681
186 9 2 10 12 215 385 254 682 683 633
187 9 2 10 12 207 260 424 684 663 685
188 9 2 10 12 139 275 140 686 687 146
189 9 2 10 12 124 278 125 655 688 131
190 9 2 10 12 181 374 244 689 690 691
191 9 2 10 12 224 263 344 692 693 694
192 9 2 10 12 257 327 421 590 695 696
193 9 2 10 12 31 32 382 56 609 632
194 9 2 10 12 195 331 263 596 697 698
195 9 2 10 12 196 326 258 476 699 573
196 9 2 10 12 192 417 236 700 701 547
197 9 2 10 12 204 279 264 702 587 703
198 9 2 10 12 19 334 256 704 705 610
199 9 2 10 12 80 255 333 706 707 708
200 9 2 10 12 214 406 242 709 531 710
201 9 2 10 12 30 253 323 525 711 712
202 9 2 10 12 183 420 253 713 714 509
203 9 2 10 12 244 374 222 690 715 716
204 9 2 10 12 140 275 400 687 717 718
205 9 2 10 12 196 330 294 614 719 720
206 9 2 10 12 258 443 265 721 551 574
207 9 2 10 12 83 364 254 722 634 533
208 9 2 10 12 68 69 356 93 541 532
209 9 2 10 12 174 260 369 502 723 724
210 9 2 10 12 206 270 281 546 725 726
211 9 2 10 12 208 269 373 727 728 729
212 9 2 10 12 59 60 268 64 730 731
213 9 2 10 12 26 320 296 732 733 734
214 9 2 10 12 76 298 319 735 736 737
215 9 2 10 12 82 254 351 534 738 739
216 9 2 10 12 229 351 254 740 738 741
217 9 2 10 12 171 276 324 742 743 744
218 9 2 10 12 263 438 344 745 746 693
219 9 2 10 12 187 389 255 747 748 676
220 9 2 10 12 264 450 313 749 477 750
221 9 2 10 12 200 232 322 452 751 752
222 9 2 10 12 190 275 220 753 754 755
223 9 2 10 12 180 277 430 756 627 757
224 9 2 10 12 226 311 365 758 759 760
225 9 2 10 12 229 255 401 675 761 762
226 9 2 10 12 80 401 255 763 761 706
227 9 2 10 12 405 244 222 764 716 765
228 9 2 10 12 197 409 407 766 767 768
229 9 2 10 12 204 313 233 769 770 771
230 9 2 10 12 226 365 378 760 772 773
231 9 2 10 12 197 220 267 774 775 776
232 9 2 10 12 172 410 245 777 778 779
233 9 2 10 12 233 400 275 780 717 592
234 9 2 10 12 191 219 259 781 782 783
235 9 2 10 12 174 281 270 784 725 785
236 9 2 10 12 153 262 310 561 786 787
237 9 2 10 12 229 254 380 741 788 789
238 9 2 10 12 194 280 264 790 791 586
239 9 2 10 12 179 265 340 792 793 794
240 9 2 10 12 181 244 318 691 795 796
241 9 2 10 12 280 394 329 797 798 799
242 9 2 10 12 176 273 289 800 801 802
243 9 2 10 12 23 307 303 803 804 805
244 9 2 10 12 73 304 305 806 807 808
245 9 2 10 12 206 289 273 809 801 544
246 9 2 10 12 90 353 89 810 482 114
247 9 2 10 12 191 259 231 783 811 812
248 9 2 10 12 206 281 283 726 813 814
249 9 2 10 12 271 341 272 815 816 817
250 9 2 10 12 123 280 329 818 799 819
251 9 2 10 12 186 377 378 820 821 822
252 9 2 10 12 222 269 345 823 824 825
253 9 2 10 12 433 359 200 826 453 827
254 9 2 10 12 192 221 278 828 829 830
255 9 2 10 12 181 373 269 831 728 832
256 9 2 10 12 15 16 328 40 526 553
257 9 2 10 12 176 279 291 833 834 835
258 9 2 10 12 139 371 275 836 837 686
259 9 2 10 12 127 440 274 838 839 514
260 9 2 10 12 176 291 317 835 840 841
261 9 2 10 12 192 278 363 830 480 842
262 9 2 10 12 18 19 360 43 612 843
263 9 2 10 12 171 244 405 844 764 845
264 9 2 10 12 172 245 322 779 487 535
265 9 2 10 12 128 274 346 515 846 847
266 9 2 10 12 235 358 356 848 504 849
267 9 2 10 12 164 165 271 168 850 851
268 9 2 10 12 196 294 328 720 554 491
269 9 2 10 12 224 312 263 852 853 692
270 9 2 10 12 154 331 262 854 583 560
271 9 2 10 12 216 296 320 855 733 856
272 9 2 10 12 218 319 298 857 736 858
273 9 2 10 12 195 366 266 859 860 861
274 9 2 10 12 227 291 342 862 863 864
275 9 2 10 12 125 278 381 688 865 866
276 9 2 10 12 261 407 409 867 767 571
277 9 2 10 12 251 378 377 868 821 869
278 9 2 10 12 195 263 312 698 853 870
279 9 2 10 12 198 332 439 871 872 537
280 9 2 10 12 207 310 262 873 786 874
281 9 2 10 12 204 233 445 771 875 876
282 9 2 10 12 194 279 290 588 877 878
283 9 2 10 12 2 58 357 62 879 880
284 9 2 10 12 2 357 32 880 607 57
285 9 2 10 12 3 67 358 91 505 881
286 9 2 10 12 3 358 61 881 882 66
287 9 2 10 12 179 330 265 883 613 792
288 9 2 10 12 176 289 290 802 884 885
289 9 2 10 12 208 373 292 729 886 887
290 9 2 10 12 205 283 281 888 813 889
291 9 2 10 12 242 321 399 530 605 890
292 9 2 10 12 221 404 238 891 892 893
293 9 2 10 12 212 303 307 894 804 895
294 9 2 10 12 210 305 304 896 807 897
295 9 2 10 12 228 355 354 898 899 900
296 9 2 10 12 173 340 265 901 793 550
297 9 2 10 12 222 374 269 715 902 823
298 9 2 10 12 189 242 399 903 890 904
299 9 2 10 12 232 282 322 905 536 751
300 9 2 10 12 288 405 332 906 907 908
301 9 2 10 12 203 274 238 909 910 558
302 9 2 10 12 220 275 371 754 837 911
303 9 2 10 12 236 237 426 912 913 548
304 9 2 10 12 207 369 260 914 723 684
305 9 2 10 12 190 352 275 915 593 753
306 9 2 10 12 197 267 219 776 916 917
307 9 2 10 12 173 396 284 497 918 919
308 9 2 10 12 171 324 244 744 920 844
309 9 2 10 12 188 345 269 921 824 922
310 9 2 10 12 207 398 266 923 924 925
311 9 2 10 12 84 386 364 926 512 927
312 9 2 10 12 7 292 118 928 929 122
313 9 2 10 12 208 257 372 591 930 931
314 9 2 10 12 176 290 279 885 877 833
315 9 2 10 12 204 291 279 932 834 702
316 9 2 10 12 180 272 308 933 934 935
317 9 2 10 12 232 236 416 936 937 938
318 9 2 10 12 123 450 280 939 940 818
319 9 2 10 12 195 277 366 941 942 859
320 9 2 10 12 192 363 417 842 943 700
321 9 2 10 12 171 395 276 944 945 742
322 9 2 10 12 188 260 419 681 490 946
323 9 2 10 12 215 443 258 947 721 948
324 9 2 10 12 207 262 398 874 585 923
325 9 2 10 12 176 317 273 841 597 800
326 9 2 10 12 171 405 288 845 906 949
327 9 2 10 12 172 302 283 500 950 951
328 9 2 10 12 227 288 317 952 578 953
329 9 2 10 12 230 391 295 954 955 956
330 9 2 10 12 224 271 272 957 817 958
331 9 2 10 12 164 271 344 851 959 960
332 9 2 10 12 223 329 394 494 798 961
333 9 2 10 12 195 312 277 870 628 941
334 9 2 10 12 11 444 359 962 963 964
335 9 2 10 12 295 391 387 955 965 966
336 9 2 10 12 195 266 398 861 924 595
337 9 2 10 12 25 26 296 50 734 598
338 9 2 10 12 28 29 297 53 967 600
339 9 2 10 12 76 77 298 101 603 735
340 9 2 10 12 193 238 404 559 892 968
341 9 2 10 12 178 343 261 969 970 570
342 9 2 10 12 22 23 303 47 805 615
343 9 2 10 12 70 71 306 95 620 971
344 9 2 10 12 72 73 305 97 808 617
345 9 2 10 12 73 74 304 98 622 806
346 9 2 10 12 23 24 307 48 624 803
347 9 2 10 12 221 381 278 972 865 829
348 9 2 10 12 191 284 412 973 974 975
349 9 2 10 12 206 283 302 814 950 976
350 9 2 10 12 194 290 293 878 977 978
351 9 2 10 12 183 393 437 979 980 981
352 9 2 10 12 29 323 297 982 983 967
353 9 2 10 12 206 302 289 976 984 809
354 9 2 10 12 205 281 411 889 985 986
355 9 2 10 12 75 76 319 100 737 650
356 9 2 10 12 26 27 320 51 653 732
357 9 2 10 12 79 333 336 987 988 989
358 9 2 10 12 20 337 334 990 991 992
359 9 2 10 12 193 431 388 993 994 995
360 9 2 10 12 242 432 379 996 997 998
361 9 2 10 12 227 317 291 953 840 862
362 9 2 10 12 5 450 123 478 939 129
363 9 2 10 12 207 266 369 925 999 914
364 9 2 10 12 208 372 269 931 1000 727
365 9 2 10 12 19 20 334 44 992 704
366 9 2 10 12 79 80 333 104 708 987
367 9 2 10 12 209 290 289 1001 884 1002
368 9 2 10 12 210 299 314 1003 1004 1005
369 9 2 10 12 218 301 316 1006 1007 1008
370 9 2 10 12 211 300 315 1009 1010 1011
371 9 2 10 12 217 315 300 1012 1010 1013
372 9 2 10 12 216 314 299 1014 1004 1015
373 9 2 10 12 212 316 301 1016 1007 1017
374 9 2 10 12 201 355 228 1018 898 1019
375 9 2 10 12 59 268 403 731 1020 1021
376 9 2 10 12 234 403 268 1022 1020 1023
377 9 2 10 12 60 402 268 1024 1025 730
378 9 2 10 12 235 268 402 518 1025 1026
379 9 2 10 12 78 79 336 103 989 643
380 9 2 10 12 20 21 337 45 642 990
381 9 2 10 12 69 70 325 94 1027 678
382 9 2 10 12 208 292 327 887 1028 589
383 9 2 10 12 234 382 357 656 608 1029
384 9 2 10 12 201 228 361 1019 1030 1031
385 9 2 10 12 11 431 237 1032 1033 1034
386 9 2 10 12 227 342 397 864 1035 1036
387 9 2 10 12 155 438 331 1037 1038 1039
388 9 2 10 12 86 87 261 111 1040 1041
389 9 2 10 12 174 270 413 785 576 501
390 9 2 10 12 152 153 310 160 787 1042
391 9 2 10 12 266 411 369 1043 1044 999
392 9 2 10 12 204 264 313 703 750 769
393 9 2 10 12 116 355 286 1045 1046 1047
394 9 2 10 12 188 269 372 922 1000 1048
395 9 2 10 12 217 297 323 1049 983 1050
396 9 2 10 12 4 116 286 119 1047 1051
397 9 2 10 12 1 285 166 1052 1053 170
398 9 2 10 12 116 117 355 120 1054 1045
399 9 2 10 12 267 371 446 1055 1056 1057
400 9 2 10 12 234 268 392 1023 520 506
401 9 2 10 12 259 338 414 1058 1059 1060
402 9 2 10 12 183 392 393 510 519 979
403 9 2 10 12 154 155 331 162 1039 854
404 9 2 10 12 224 344 271 694 959 957
405 9 2 10 12 259 414 346 1060 1061 1062
406 9 2 10 12 209 289 302 1002 984 527
407 9 2 10 12 219 267 338 916 1063 1064
408 9 2 10 12 136 338 137 1065 1066 143
409 9 2 10 12 137 338 446 1066 1067 1068
410 9 2 10 12 202 318 244 1069 795 1070
411 9 2 10 12 200 322 308 752 568 1071
412 9 2 10 12 411 174 369 1072 724 1044
413 9 2 10 12 136 414 338 1073 1059 1065
414 9 2 10 12 220 371 267 911 1055 775
415 9 2 10 12 186 301 377 1074 1075 820
416 9 2 10 12 184 376 300 637 1076 1077
417 9 2 10 12 185 375 299 640 1078 1079
418 9 2 10 12 9 10 433 34 1080 1081
419 9 2 10 12 165 166 341 169 1082 1083
420 9 2 10 12 215 258 434 948 1084 1085
421 9 2 10 12 205 277 408 1086 1087 1088
422 9 2 10 12 70 306 325 971 1089 1027
423 9 2 10 12 213 294 330 1090 719 1091
424 9 2 10 12 180 308 423 935 569 1092
425 9 2 10 12 241 309 370 455 1093 630
426 9 2 10 12 209 282 418 528 1094 1095
427 9 2 10 12 214 242 379 710 998 1096
428 9 2 10 12 219 338 259 1064 1058 782
429 9 2 10 12 166 285 341 1053 1097 1082
430 9 2 10 12 214 324 276 1098 743 1099
431 9 2 10 12 203 231 274 1100 1101 909
432 9 2 10 12 117 118 354 121 1102 1103
433 9 2 10 12 202 244 324 1070 920 1104
434 9 2 10 12 177 352 321 1105 1106 1107
435 9 2 10 12 86 261 343 1041 970 1108
436 9 2 10 12 7 327 292 1109 1028 928
437 9 2 10 12 7 149 327 156 1110 1109
438 9 2 10 12 11 237 444 1034 1111 962
439 9 2 10 12 205 408 410 1088 1112 1113
440 9 2 10 12 178 412 284 1114 974 1115
441 9 2 10 12 118 292 354 929 1116 1102
442 9 2 10 12 29 30 323 54 712 982
443 9 2 10 12 6 346 414 1117 1061 1118
444 9 2 10 12 10 11 359 35 964 1119
445 9 2 10 12 252 437 393 1120 980 1121
446 9 2 10 12 232 359 236 451 1122 936
447 9 2 10 12 194 293 394 978 1123 1124
448 9 2 10 12 123 329 124 819 654 130
449 9 2 10 12 198 288 332 579 908 871
450 9 2 10 12 6 128 346 135 847 1117
451 9 2 10 12 263 331 438 697 1038 745
452 9 2 10 12 193 436 203 1125 1126 557
453 9 2 10 12 138 446 371 1127 1056 1128
454 9 2 10 12 205 411 366 986 1129 1130
455 9 2 10 12 209 293 290 1131 977 1001
456 9 2 10 12 191 428 284 1132 1133 973
457 9 2 10 12 201 353 286 1134 1135 1136
458 9 2 10 12 267 446 338 1057 1067 1063
459 9 2 10 12 191 412 219 975 1137 781
460 9 2 10 12 224 272 430 958 1138 1139
461 9 2 10 12 442 220 197 1140 774 1141
462 9 2 10 12 184 367 314 661 1142 1143
463 9 2 10 12 185 316 368 1144 1145 657
464 9 2 10 12 80 81 401 105 1146 763
465 9 2 10 12 211 325 306 1147 1089 1148
466 9 2 10 12 215 287 443 543 1149 947
467 9 2 10 12 228 292 373 1150 886 1151
468 9 2 10 12 181 269 374 832 902 689
469 9 2 10 12 231 259 346 811 1062 1152
470 9 2 10 12 186 347 301 668 1153 1074
471 9 2 10 12 185 299 348 1079 1154 669
472 9 2 10 12 184 300 349 1077 1155 671
473 9 2 10 12 152 310 350 1042 1156 1157
474 9 2 10 12 251 336 378 644 1158 868
475 9 2 10 12 226 378 336 773 1158 1159
476 9 2 10 12 238 440 381 1160 1161 1162
477 9 2 10 12 230 360 391 1163 1164 954
478 9 2 10 12 256 391 360 1165 1164 611
479 9 2 10 12 264 280 450 791 940 749
480 9 2 10 12 199 285 339 1166 1167 1168
481 9 2 10 12 12 13 388 37 1169 1170
482 9 2 10 12 231 346 274 1152 846 1101
483 9 2 10 12 190 220 399 755 1171 604
484 9 2 10 12 11 12 431 36 1172 1032
485 9 2 10 12 172 283 410 951 1173 777
486 9 2 10 12 217 323 420 1050 1174 1175
487 9 2 10 12 253 420 323 714 1174 711
488 9 2 10 12 183 437 315 981 1176 1177
489 9 2 10 12 226 336 333 1159 988 1178
490 9 2 10 12 225 334 337 1179 991 1180
491 9 2 10 12 186 365 449 1181 1182 666
492 9 2 10 12 12 388 431 1170 994 1172
493 9 2 10 12 88 89 379 113 1183 1184
494 9 2 10 12 191 231 427 812 1185 1186
495 9 2 10 12 181 361 373 1187 1188 831
496 9 2 10 12 204 342 291 1189 863 932
497 9 2 10 12 150 151 335 158 1190 1191
498 9 2 10 12 187 391 390 1192 1193 1194
499 9 2 10 12 205 366 277 1130 942 1086
500 9 2 10 12 177 406 397 1195 1196 1197
501 9 2 10 12 190 321 352 606 1106 915
502 9 2 10 12 212 347 303 1198 1199 894
503 9 2 10 12 246 303 347 616 1199 667
504 9 2 10 12 247 349 306 672 1200 619
505 9 2 10 12 248 348 304 670 1201 621
506 9 2 10 12 211 306 349 1148 1200 1202
507 9 2 10 12 210 304 348 897 1201 1203
508 9 2 10 12 165 341 271 1083 815 850
509 9 2 10 12 138 371 139 1128 836 145
510 9 2 10 12 87 88 447 112 1204 1205
511 9 2 10 12 8 164 344 167 960 1206
512 9 2 10 12 204 445 342 876 1207 1189
513 9 2 10 12 256 390 391 1208 1193 1165
514 9 2 10 12 174 411 281 1072 985 784
515 9 2 10 12 141 400 313 1209 1210 469
516 9 2 10 12 230 309 435 1211 1212 1213
517 9 2 10 12 125 381 126 866 1214 132
518 9 2 10 12 180 430 272 757 1138 933
519 9 2 10 12 213 388 448 1215 1216 1217
520 9 2 10 12 126 381 440 1214 1161 1218
521 9 2 10 12 255 389 333 748 1219 707
522 9 2 10 12 226 333 389 1178 1219 1220
523 9 2 10 12 256 334 390 705 1221 1208
524 9 2 10 12 225 390 334 1222 1221 1179
525 9 2 10 12 84 85 386 109 1223 926
526 9 2 10 12 185 383 316 645 1224 1144
527 9 2 10 12 184 314 384 1143 1225 648
528 9 2 10 12 228 373 361 1151 1188 1030
529 9 2 10 12 216 375 296 1226 1227 855
530 9 2 10 12 217 376 297 1228 1229 1049
531 9 2 10 12 218 298 377 858 1230 1231
532 9 2 10 12 216 299 375 1015 1078 1226
533 9 2 10 12 217 300 376 1013 1076 1228
534 9 2 10 12 218 377 301 1231 1075 1006
535 9 2 10 12 199 308 272 1232 934 1233
536 9 2 10 12 221 238 381 893 1162 972
537 9 2 10 12 151 152 350 159 1157 1234
538 9 2 10 12 175 415 293 1235 1236 1237
539 9 2 10 12 88 432 447 1238 1239 1204
540 9 2 10 12 81 82 351 106 739 1240
541 9 2 10 12 173 443 287 552 1149 562
542 9 2 10 12 230 295 370 956 1241 1242
543 9 2 10 12 182 370 295 631 1241 1243
544 9 2 10 12 180 408 277 1244 1087 756
545 9 2 10 12 212 301 347 1017 1153 1198
546 9 2 10 12 210 348 299 1203 1154 1003
547 9 2 10 12 211 349 300 1202 1155 1009
548 9 2 10 12 199 272 341 1233 816 1245
549 9 2 10 12 151 350 335 1234 1246 1190
550 9 2 10 12 88 379 432 1184 997 1238
551 9 2 10 12 183 315 420 1177 1247 713
552 9 2 10 12 229 401 351 762 1248 740
553 9 2 10 12 173 284 340 919 1249 901
554 9 2 10 12 197 219 409 917 1250 766
555 9 2 10 12 227 397 395 1036 1251 1252
556 9 2 10 12 247 305 367 618 1253 660
557 9 2 10 12 210 367 305 1254 1253 896
558 9 2 10 12 212 307 368 895 1255 1256
559 9 2 10 12 249 368 307 658 1255 623
560 9 2 10 12 252 325 437 679 1257 1120
561 9 2 10 12 211 437 325 1258 1257 1147
562 9 2 10 12 58 59 403 63 1021 1259
563 9 2 10 12 60 61 402 65 1260 1024
564 9 2 10 12 248 319 383 651 1261 647
565 9 2 10 12 218 383 319 1262 1261 857
566 9 2 10 12 216 320 384 856 1263 1264
567 9 2 10 12 250 384 320 649 1263 652
568 9 2 10 12 257 335 425 1265 1266 1267
569 9 2 10 12 83 84 364 108 927 722
570 9 2 10 12 201 361 318 1031 1268 1269
571 9 2 10 12 240 425 335 582 1266 1270
572 9 2 10 12 189 432 242 1271 996 903
573 9 2 10 12 85 86 441 110 1272 1273
574 9 2 10 12 178 284 396 1115 918 1274
575 9 2 10 12 149 421 327 1275 695 1110
576 9 2 10 12 201 286 355 1136 1046 1018
577 9 2 10 12 179 362 330 1276 1277 883
578 9 2 10 12 181 318 361 796 1268 1187
579 9 2 10 12 192 426 221 549 1278 828
580 9 2 10 12 236 444 237 1279 1111 912
581 9 2 10 12 117 354 355 1103 899 1054
582 9 2 10 12 205 410 283 1113 1173 888
583 9 2 10 12 249 296 375 599 1227 639
584 9 2 10 12 250 297 376 601 1229 636
585 9 2 10 12 251 377 298 869 1230 602
586 9 2 10 12 214 422 324 1280 1281 1098
587 9 2 10 12 8 344 438 1206 746 1282
588 9 2 10 12 182 295 380 1243 1283 1284
589 9 2 10 12 229 380 295 789 1283 1285
590 9 2 10 12 225 365 311 1286 759 1287
591 9 2 10 12 230 370 309 1242 1093 1211
592 9 2 10 12 243 287 386 563 513 1288
593 9 2 10 12 150 335 421 1191 1289 1290
594 9 2 10 12 243 386 441 1288 1291 1292
595 9 2 10 12 199 341 285 1245 1097 1166
596 9 2 10 12 13 14 448 38 1293 1294
597 9 2 10 12 229 295 387 1285 966 673
598 9 2 10 12 187 390 311 1194 1295 1296
599 9 2 10 12 187 311 389 1296 1297 747
600 9 2 10 12 210 314 367 1005 1142 1254
601 9 2 10 12 212 368 316 1256 1145 1016
602 9 2 10 12 194 394 280 1124 797 790
603 9 2 10 12 238 274 440 910 839 1160
604 9 2 10 12 240 335 350 1270 1246 1298
605 9 2 10 12 227 395 288 1252 1299 952
606 9 2 10 12 175 293 418 1237 1300 1301
607 9 2 10 12 230 435 360 1213 1302 1163
608 9 2 10 12 13 448 388 1294 1216 1169
609 9 2 10 12 8 438 155 1282 1037 163
610 9 2 10 12 245 410 408 778 1112 1303
611 9 2 10 12 213 448 294 1217 1304 1090
612 9 2 10 12 140 400 141 718 1209 147
613 9 2 10 12 175 418 416 1301 1305 1306
614 9 2 10 12 218 316 383 1008 1224 1262
615 9 2 10 12 216 384 314 1264 1225 1014
616 9 2 10 12 182 434 326 1307 1308 566
617 9 2 10 12 226 389 311 1220 1297 758
618 9 2 10 12 225 311 390 1287 1295 1222
619 9 2 10 12 171 288 395 949 1299 944
620 9 2 10 12 186 378 365 822 772 1181
621 9 2 10 12 293 415 394 1236 1309 1123
622 9 2 10 12 17 18 435 42 1310 1311
623 9 2 10 12 257 421 335 696 1289 1265
624 9 2 10 12 228 354 292 900 1116 1150
625 9 2 10 12 177 321 406 1107 529 1195
626 9 2 10 12 187 387 391 677 965 1192
627 9 2 10 12 276 397 406 1312 1196 1313
628 9 2 10 12 213 436 388 1314 1315 1215
629 9 2 10 12 149 150 421 157 1290 1275
630 9 2 10 12 6 414 136 1118 1073 142
631 9 2 10 12 252 393 356 1121 1316 540
632 9 2 10 12 235 356 393 849 1316 516
633 9 2 10 12 202 324 422 1104 1281 521
634 9 2 10 12 223 415 363 1317 1318 479
635 9 2 10 12 86 343 441 1108 1319 1272
636 9 2 10 12 310 424 350 1320 1321 1156
637 9 2 10 12 87 447 261 1205 1322 1040
638 9 2 10 12 203 429 231 1323 1324 1100
639 9 2 10 12 224 430 312 1139 629 852
640 9 2 10 12 276 395 397 945 1251 1312
641 9 2 10 12 17 435 309 1311 1212 625
642 9 2 10 12 178 396 343 1274 1325 969
643 9 2 10 12 58 403 357 1259 1326 879
644 9 2 10 12 61 358 402 882 1327 1260
645 9 2 10 12 179 340 428 794 1328 1329
646 9 2 10 12 217 420 315 1175 1247 1012
647 9 2 10 12 193 388 436 995 1315 1125
648 9 2 10 12 257 425 372 1267 1330 930
649 9 2 10 12 182 385 434 1331 1332 1307
650 9 2 10 12 126 440 127 1218 838 133
651 9 2 10 12 207 424 310 685 1320 873
652 9 2 10 12 85 441 386 1273 1291 1223
653 9 2 10 12 211 315 437 1011 1176 1258
654 9 2 10 12 258 326 434 699 1308 1084
655 9 2 10 12 236 417 416 701 1333 937
656 9 2 10 12 137 446 138 1068 1127 144
657 9 2 10 12 254 385 380 683 1334 788
658 9 2 10 12 209 418 293 1095 1300 1131
659 9 2 10 12 261 447 407 1322 1335 867
660 9 2 10 12 222 332 405 1336 907 765
661 9 2 10 12 213 330 362 1091 1277 1337
662 9 2 10 12 282 416 418 1338 1305 1094
663 9 2 10 12 182 380 385 1284 1334 1331
664 9 2 10 12 179 428 427 1329 1339 1340
665 9 2 10 12 14 294 448 626 1304 1293
666 9 2 10 12 201 318 353 1269 1341 1134
667 9 2 10 12 236 359 444 1122 963 1279
668 9 2 10 12 188 372 425 1048 1330 680
669 9 2 10 12 233 313 400 770 1210 780
670 9 2 10 12 199 339 308 1168 1342 1232
671 9 2 10 12 203 362 429 1343 1344 1323
672 9 2 10 12 188 419 345 946 1345 921
673 9 2 10 12 193 404 431 968 1346 993
674 9 2 10 12 90 286 353 1347 1135 810
675 9 2 10 12 221 426 404 1278 1348 891
676 9 2 10 12 213 362 436 1337 1349 1314
677 9 2 10 12 81 351 401 1240 1248 1146
678 9 2 10 12 284 428 340 1133 1328 1249
679 9 2 10 12 222 439 332 1350 872 1336
680 9 2 10 12 225 337 449 1180 1351 1352
681 9 2 10 12 246 449 337 664 1351 641
682 9 2 10 12 235 402 358 1026 1327 848
683 9 2 10 12 234 357 403 1029 1326 1022
684 9 2 10 12 239 345 419 1353 1345 556
685 9 2 10 12 214 276 406 1099 1313 709
686 9 2 10 12 9 339 285 1354 1167 1355
687 9 2 10 12 175 363 415 1356 1318 1235
688 9 2 10 12 215 434 385 1085 1332 682
689 9 2 10 12 177 397 342 1197 1035 1357
690 9 2 10 12 266 366 411 860 1129 1043
691 9 2 10 12 220 442 399 1140 1358 1171
692 9 2 10 12 233 352 445 594 1359 875
693 9 2 10 12 203 436 362 1126 1349 1343
694 9 2 10 12 219 412 409 1137 1360 1250
695 9 2 10 12 18 360 435 843 1302 1310
696 9 2 10 12 214 379 422 1096 1361 1280
697 9 2 10 12 239 439 345 538 1362 1353
698 9 2 10 12 232 416 282 938 1338 905
699 9 2 10 12 197 407 442 768 1363 1141
700 9 2 10 12 179 429 362 1364 1344 1276
701 9 2 10 12 177 445 352 1365 1359 1105
702 9 2 10 12 240 350 424 1298 1321 662
703 9 2 10 12 243 343 396 1366 1325 496
704 9 2 10 12 222 345 439 825 1362 1350
705 9 2 10 12 223 394 415 961 1309 1317
706 9 2 10 12 177 342 445 1357 1207 1365
707 9 2 10 12 200 308 339 1071 1342 1367
708 9 2 10 12 175 417 363 1368 943 1356
709 9 2 10 12 225 449 365 1352 1182 1286
710 9 2 10 12 237 431 404 1033 1346 1369
711 9 2 10 12 200 339 433 1367 1370 827
712 9 2 10 12 231 429 427 1324 1371 1185
713 9 2 10 12 189 407 447 1372 1335 1373
714 9 2 10 12 202 353 318 522 1341 1069
715 9 2 10 12 243 441 343 1292 1319 1366
716 9 2 10 12 189 447 432 1373 1239 1271
717 9 2 10 12 175 416 417 1306 1333 1368
718 9 2 10 12 191 427 428 1186 1339 1132
719 9 2 10 12 89 422 379 484 1361 1183
720 9 2 10 12 189 442 407 1374 1363 1372
721 9 2 10 12 178 409 412 572 1360 1114
722 9 2 10 12 10 359 433 1119 826 1080
723 9 2 10 12 180 423 408 1092 1375 1244
724 9 2 10 12 9 433 339 1081 1370 1354
725 9 2 10 12 245 408 423 1303 1375 485
726 9 2 10 12 237 404 426 1369 1348 913
727 9 2 10 12 189 399 442 904 1358 1374
728 9 2 10 12 179 427 429 1340 1371 1364
729 9 2 10 12 1 9 285 33 1355 1052
730 9 2 10 12 4 286 90 1051 1347 115
$EndElements
