$MeshFormat
2.2 0 8
$EndMeshFormat
$Nodes
1190
1 0 2 0
2 0 1 0
3 2 1 0
4 2 0 0
5 13 0 0
6 13 2 0
7 0 1.666666666666667 0
8 0 1.333333333333332 0
9 0 1.833333333333334 0
10 0 1.500000000000276 0
11 0 1.166666666666905 0
12 0.3152865178953084 1 0
13 0.6092718530908459 1 0
14 0.8833951055246846 1 0
15 1.138998225160079 1 0
16 1.377332435302992 1 0
17 1.599564483927622 1 0
18 1.806782184304459 1 0
19 0.1576432589476594 1 0
20 0.4622791854930771 1 0
21 0.7463334793077652 1 0
22 1.011196665342066 1 0
23 1.258165330231536 1 0
24 1.488448459615307 1 0
25 1.70317333411604 1 0
26 1.90339109215223 1 0
27 2 0.7997822394550607 0
28 2 0.5694991068119482 0
29 2 0.3046359168278003 0
30 2 0.8998911197275303 0
31 2 0.6846406731335548 0
32 2 0.4370675118199952 0
33 2 0.1523179584139002 0
34 2.343749999999831 0 0
35 2.687499999998535 0 0
36 3.031249999998192 0 0
37 3.374999999996722 0 0
38 3.718749999995251 0 0
39 4.062499999993781 0 0
40 4.406249999992311 0 0
41 4.749999999990841 0 0
42 5.09374999998937 0 0
43 5.4374999999879 0 0
44 5.78124999998643 0 0
45 6.12499999998496 0 0
46 6.46874999998349 0 0
47 6.81249999998202 0 0
48 7.156249999980549 0 0
49 7.499999999979252 0 0
50 7.843749999980386 0 0
51 8.187499999981693 0 0
52 8.531249999983 0 0
53 8.874999999984308 0 0
54 9.218749999985615 0 0
55 9.562499999986924 0 0
56 9.90624999998823 0 0
57 10.24999999998954 0 0
58 10.59374999999085 0 0
59 10.93749999999215 0 0
60 11.28124999999346 0 0
61 11.62499999999477 0 0
62 11.96874999999608 0 0
63 12.31249999999739 0 0
64 12.65624999999869 0 0
65 2.17187499999993 0 0
66 2.515624999999164 0 0
67 2.859374999998356 0 0
68 3.203124999997469 0 0
69 3.546874999995942 0 0
70 3.890624999994576 0 0
71 4.234374999993086 0 0
72 4.578124999991539 0 0
73 4.921874999990038 0 0
74 5.265624999988692 0 0
75 5.609374999987363 0 0
76 5.953124999985836 0 0
77 6.296874999984219 0 0
78 6.640624999982853 0 0
79 6.984374999981318 0 0
80 7.328124999979901 0 0
81 7.671874999979845 0 0
82 8.015624999981103 0 0
83 8.359374999982267 0 0
84 8.703124999983604 0 0
85 9.046874999984793 0 0
86 9.390624999986262 0 0
87 9.734374999987578 0 0
88 10.07812499998895 0 0
89 10.42187499999022 0 0
90 10.76562499999143 0 0
91 11.10937499999286 0 0
92 11.45312499999408 0 0
93 11.79687499999542 0 0
94 12.14062499999663 0 0
95 12.48437499999784 0 0
96 12.82812499999953 0 0
97 13 0.333333333332643 0
98 13 0.6666666666650042 0
99 13 0.9999999999973884 0
100 13 1.33333333333158 0
101 13 1.66666666666579 0
102 13 0.1666666666663441 0
103 13 0.4999999999988237 0
104 13 0.8333333333311963 0
105 13 1.166666666664484 0
106 13 1.499999999998685 0
107 13 1.833333333332895 0
108 12.65789473684418 2 0
109 12.31578947368836 2 0
110 11.97368421053253 2 0
111 11.63157894737671 2 0
112 11.28947368422089 2 0
113 10.94736842106507 2 0
114 10.60526315790924 2 0
115 10.26315789475342 2 0
116 9.921052631597599 2 0
117 9.578947368441776 2 0
118 9.236842105285954 2 0
119 8.894736842130129 2 0
120 8.552631578974307 2 0
121 8.210526315818484 2 0
122 7.868421052662661 2 0
123 7.526315789506838 2 0
124 7.184210526351015 2 0
125 6.842105263195196 2 0
126 6.5000000000392 2 0
127 6.157894736881216 2 0
128 5.815789473723056 2 0
129 5.473684210564898 2 0
130 5.131578947406741 2 0
131 4.789473684246957 2 0
132 4.447368421086463 2 0
133 4.105263157925966 2 0
134 3.763157894765472 2 0
135 3.421052631604974 2 0
136 3.078947368444482 2 0
137 2.736842105283984 2 0
138 2.394736842123491 2 0
139 2.052631578962995 2 0
140 1.710526315802497 2 0
141 1.368421052641999 2 0
142 1.026315789481499 2 0
143 0.6842105263210012 2 0
144 0.3421052631604997 2 0
145 12.82894736842209 2 0
146 12.48684210526627 2 0
147 12.14473684211044 2 0
148 11.80263157895462 2 0
149 11.46052631579861 2 0
150 11.11842105264315 2 0
151 10.77631578948714 2 0
152 10.43421052633127 2 0
153 10.09210526317541 2 0
154 9.750000000019732 2 0
155 9.407894736863991 2 0
156 9.065789473707875 2 0
157 8.72368421055242 2 0
158 8.381578947396273 2 0
159 8.039473684240651 2 0
160 7.697368421084688 2 0
161 7.355263157928862 2 0
162 7.013157894773049 2 0
163 6.671052631617123 2 0
164 6.328947368460206 2 0
165 5.98684210530214 2 0
166 5.644736842143958 2 0
167 5.302631578985612 2 0
168 4.960526315826849 2 0
169 4.618421052666669 2 0
170 4.27631578950615 2 0
171 3.93421052634571 2 0
172 3.592105263185223 2 0
173 3.250000000024606 2 0
174 2.907894736864215 2 0
175 2.565789473703699 2 0
176 2.223684210543048 2 0
177 1.881578947382641 2 0
178 1.539473684222291 2 0
179 1.197368421061647 2 0
180 0.8552631579011862 2 0
181 0.5131578947407416 2 0
182 0.1710526315801833 2 0
183 2.934796788418535 0.9301463237206641 0
184 3.896260879048191 0.9739811934302189 0
185 11.80263157895462 1.000415918240101 0
186 10.7808574901627 1.025060553699345 0
187 9.755572970893656 0.9669299429416656 0
188 8.731366362040147 0.9971824363883138 0
189 7.70506873293812 0.99751296107201 0
190 6.67877230825477 0.9978296815300819 0
191 5.644736842143977 1.002655790126502 0
192 4.759865694094542 1.092564843214096 0
193 2.481641050315484 1.426517484428065 0
194 1.879350628887871 1.488766724081226 0
195 3.366497003522646 1.353825901814461 0
196 2.470005080983047 0.6846406731335044 0
197 1.232680458424126 1.469019014327752 0
198 12.37751698092146 1.375007457830354 0
199 12.37629496173062 0.6252764786105862 0
200 6.157487290539033 0.6362280671012921 0
201 7.182635577793919 0.6359857211255283 0
202 8.208902915380378 0.6358854872058536 0
203 11.28961843073355 1.368561970504091 0
204 10.26329818118161 1.368708357395906 0
205 9.236705556389111 0.6320208347432657 0
206 9.255416361353676 1.401320700357218 0
207 10.27567476579318 0.5999187037842534 0
208 8.229096828539229 1.401447490678264 0
209 11.30461471500395 0.6002332159951043 0
210 7.202776633060477 1.401567563063338 0
211 6.131823865798541 1.398058365959621 0
212 5.125045979803694 0.61073784057484 0
213 3.415292659870477 0.6451631539313694 0
214 4.431380540192341 0.6043796246519251 0
215 0.6991697434507983 1.462277158762949 0
216 4.288994423711773 1.440367892444443 0
217 5.254499557865762 1.43079861706214 0
218 11.80273168044799 1.503764391693615 0
219 10.77242461979489 1.54229658957481 0
220 9.750000000019673 1.515252860173774 0
221 8.704836468838359 0.486517832095401 0
222 8.723684210552214 1.515448125465266 0
223 9.734696691947709 0.4587234483130432 0
224 7.697368421084743 1.515637129590497 0
225 10.76562499999149 0.4857085204338202 0
226 6.671052631617196 1.51581987215916 0
227 7.678194222668936 0.4874848163294493 0
228 11.79687499999544 0.4854601542891159 0
229 6.651565473178338 0.4884258141503269 0
230 5.643147915861778 0.4918183200223286 0
231 2.849912417351313 0.4413143995328479 0
232 3.925390121871502 0.4819552535276103 0
233 2.938659722652273 1.550504204565214 0
234 2.366107506766515 1.037716492766196 0
235 3.82669299400001 1.553242471839597 0
236 1.582498082038155 1.354604258889459 0
237 5.740464659464408 1.532544969176953 0
238 2.140356256869291 1.274468339017833 0
239 2.249556070691086 1.735077335893609 0
240 4.744397899568075 1.599100583186891 0
241 12.57260828571315 0.9999843530016948 0
242 0.3939214035821906 1.392503035646813 0
243 4.752884336187737 0.4843848278454159 0
244 0.9940896706645017 1.295534607419489 0
245 4.356604447083557 1.036460306320425 0
246 2.297586137927365 0.466050670895741 0
247 5.194186442187896 1.040229457971682 0
248 3.292939798240422 0.9656700348994588 0
249 1.934469990798665 1.236455669308364 0
250 1.562214411210446 1.767119787694167 0
251 6.016128051750188 0.9432110459915141 0
252 7.043967202779641 0.9449249184993263 0
253 8.070217087231676 0.9447939693823217 0
254 9.09672353736053 0.944022249952775 0
255 10.12225731833873 1.049797888371086 0
256 11.14928033489043 1.060075761160465 0
257 12.19848116597762 1.000001455455917 0
258 12.62103849997963 1.619953178880659 0
259 12.62075189475535 0.3793516461252487 0
260 12.11859681670955 0.3311596800545963 0
261 12.12244952470427 1.668621639802776 0
262 2.811661405638338 1.249248322547108 0
263 3.181574399619178 0.3204757148232678 0
264 6.953991182380432 0.3424183933025385 0
265 7.982351112645528 0.341967504633401 0
266 9.011267276542375 0.3411410257822983 0
267 10.04262010784683 0.3326474561524113 0
268 2.579109483509641 1.745491847024776 0
269 11.07280240595744 0.3366679119323739 0
270 5.929522936207289 0.3439423862317541 0
271 11.0768890967533 1.66276521208998 0
272 10.0511237374579 1.65896668132081 0
273 11.49448119216082 1.669441968102158 0
274 2.222531609461264 0.7113934436446692 0
275 9.027436166373052 1.663694248047331 0
276 10.4676745408493 1.674465654874857 0
277 8.001114244623402 1.663776947922502 0
278 9.44922686994304 1.660900848738398 0
279 6.974791836655816 1.663854616282289 0
280 8.422907316178016 1.661015403296582 0
281 7.396587662054084 1.661125566566013 0
282 3.246399062270009 1.690255801493392 0
283 6.373435412868763 1.66558603939861 0
284 0.4707411322732902 1.717983227933065 0
285 11.49633248524792 0.3399815922270115 0
286 1.258165330231536 1.226634701383604 0
287 10.4660713777325 0.3397386162734427 0
288 9.429706477337795 0.3265195264452241 0
289 4.205545851644495 0.3249589495459275 0
290 4.841362828643779 0.7835665204937647 0
291 8.388679945452937 0.3250942790882512 0
292 7.362862328077144 0.3264398173878587 0
293 6.337559718111094 0.326182643849436 0
294 0.9998853525525239 1.683613582849671 0
295 2.190242760752938 0.9110609675523137 0
296 2.551137654267307 0.2585589301165623 0
297 5.336543961161639 0.3311173149843959 0
298 3.069301008604721 0.6633480672596726 0
299 3.615502144226166 0.3337422430383854 0
300 3.593422242135127 1.108247428821449 0
301 1.70317333411604 1.180748377473276 0
302 5.054447905987093 1.682103592971194 0
303 5.982948588433356 1.730821912782715 0
304 6.355409572119888 0.9016662115059633 0
305 7.378867627107455 0.9028499962414525 0
306 8.405115109549717 0.9028382339938008 0
307 11.51048306867687 1.093569407056482 0
308 9.431367760323337 0.9027953213629294 0
309 10.45238524141391 1.090649437277749 0
310 2.622583541552439 0.9213636302209971 0
311 0.7452015769868792 1.218253946675985 0
312 12.0172635867966 0.7102600491401627 0
313 9.545946088107481 1.258232047621832 0
314 8.519613824186267 1.258519379562413 0
315 8.912317833240827 0.7110884672717507 0
316 7.493282006634959 1.258797494311468 0
317 6.469464195037401 1.261539882117581 0
318 7.885748277913756 0.7118094295164466 0
319 6.859381622369218 0.7121112116162105 0
320 11.60363040672101 0.7391272585723763 0
321 9.950944297327739 0.7318897278620057 0
322 12.69421459480584 1.304716022767178 0
323 10.56920477052415 0.7474516033128252 0
324 12.0320322036627 1.284721791403488 0
325 12.69423730574933 0.6953105084621918 0
326 11.00309092674953 0.7321377085949133 0
327 6.902170365664492 1.274147760323192 0
328 7.928112636641669 1.273620236838883 0
329 8.954450547447062 1.273348164757815 0
330 9.935285390168694 1.28541947749629 0
331 10.94888094082122 1.317042348383474 0
332 5.456573027010922 0.7244022302996842 0
333 4.096258748477172 0.7081651285888913 0
334 5.830181866748847 0.7121299705480113 0
335 3.741093725828202 0.6875541528424477 0
336 3.58542847942929 1.675226693874488 0
337 4.089870720402681 1.624916634648847 0
338 5.872996249332116 1.226065025748629 0
339 5.420261941934916 1.679058223488851 0
340 3.110453904952055 1.187512068420644 0
341 2.749792582058679 0.6850193993333236 0
342 3.953172438192726 1.299712847593482 0
343 4.948027874962101 1.368694750363865 0
344 5.527856510827037 1.305016866544452 0
345 1.488448459615307 1.172365020973359 0
346 4.445480601683204 1.698308539411706 0
347 1.893620531120855 1.718259555346667 0
348 5.043292183631953 0.2915723239727533 0
349 4.555284124105393 1.316520846288559 0
350 4.509212145601545 0.2827446804086536 0
351 2.172107658669614 1.095784412383206 0
352 1.258274138642336 1.756821895508785 0
353 2.540174925432954 1.169210652800469 0
354 10.57893182220259 1.349705029889342 0
355 11.56844492663869 1.363426235390657 0
356 0.7572528038817473 1.7563701723589 0
357 2.21870842811532 0.2051646190516296 0
358 5.625592962641007 0.2333756042476957 0
359 6.642173205064506 0.2204030567804819 0
360 7.672280178210358 0.2180899637679159 0
361 11.80348928015354 1.780575104384777 0
362 10.77631578948716 1.787692780434465 0
363 9.750025554492096 1.780232467285673 0
364 8.702885968896755 0.2174962919251698 0
365 8.723901051765525 1.78066940565543 0
366 7.697584533658214 1.780764788844713 0
367 9.58983229236989 0.6698131336113555 0
368 6.671498840530477 1.781174194551122 0
369 9.734374999987564 0.2125938896229501 0
370 10.76602190668177 0.2176447225197148 0
371 3.898233481398456 0.2200267098243472 0
372 11.79687499999544 0.2123042889884951 0
373 4.610425086094158 0.8125992416316599 0
374 8.627947634209781 0.7472126205358367 0
375 0.2191816365755576 1.54498916801171 0
376 7.601744816171718 0.7479278828144335 0
377 6.575556724105468 0.7486211843583867 0
378 1.690259839165027 1.541860309404624 0
379 12.39149561835857 0.2511886864885424 0
380 0.523999444028417 1.206383775716259 0
381 12.3938677849768 1.750101978560563 0
382 2.907894736864233 1.806745743277184 0
383 0.2420648336802456 1.246201552118019 0
384 2.71434823239359 1.517909925520506 0
385 3.66504263145596 1.398051068788695 0
386 2.859609249854814 0.189020131098646 0
387 1.762637466084567 1.350832017195756 0
388 3.587801861024484 0.8761231927849889 0
389 2.116575841071537 1.482174270996167 0
390 5.678283381864156 1.788742102161107 0
391 6.207823402056198 1.139989711470386 0
392 7.204212767049405 1.156457546487755 0
393 8.230431097229712 1.156243862091137 0
394 9.256780858918416 1.155943696810514 0
395 11.37925177071653 0.869766393630461 0
396 8.460106104021634 0.594087577514214 0
397 7.433845174313774 0.5949877973615234 0
398 6.408043824031083 0.5955900064424088 0
399 3.874082649304684 1.770677160072587 0
400 10.27409327867954 0.8439414721215837 0
401 2.351827836414457 1.240700250137892 0
402 2.374959882449946 0.8484968518442311 0
403 12.80691196731779 1.775877451936645 0
404 12.8066400187694 0.2238086496652381 0
405 11.74326469167617 1.249179548756868 0
406 3.10948859384514 1.415526545297696 0
407 0.1890757066489247 1.810782685275081 0
408 2.583686774517542 0.5071168146023959 0
409 1.405440100029808 1.339555152163996 0
410 12.82818464957964 1.499999999998685 0
411 12.8282361435051 0.4999999999988236 0
412 1.45522783825165 1.53816340299813 0
413 5.586296676485507 1.153836328335477 0
414 5.361021476507467 1.172623162258067 0
415 5.419461642165937 1.021442624049092 0
416 2.246092046641874 1.257584294577862 0
417 2.234201838742997 1.361437260567029 0
418 2.128466048970414 1.378321305007 0
419 4.126432663065874 1.005220749875322 0
420 4.154888442638141 1.168086576956954 0
421 3.924716658620458 1.13684702051185 0
422 2.299108445693511 1.454345877712116 0
423 2.416734443364971 1.333608867282978 0
424 4.617477142965081 1.849154269705853 0
425 4.59493925062564 1.648704561299298 0
426 4.766935791907516 1.799550291593445 0
427 10.86486921549196 1.171051451041409 0
428 10.7639063815119 1.333373689136408 0
429 10.67989465618265 1.187382791794343 0
430 9.672702631631772 0.8183715382765106 0
431 9.770388294848814 0.7008514307366807 0
432 9.853258634110699 0.8494098354018356 0
433 4.592132438190038 0.5443822262486705 0
434 4.681654711140947 0.6484920347385379 0
435 4.520902813143249 0.7084894331417925 0
436 4.797123582415757 0.6339756741695903 0
437 4.725893957368968 0.7980828810627123 0
438 12.84710729740292 1.152358011382283 0
439 12.63341144025949 1.152350187884437 0
440 12.78630414285657 0.9999921764995416 0
441 12.63342279573124 0.8476474307319433 0
442 12.84711865287466 0.8476552542297902 0
443 5.325379734599409 0.8823158441356833 0
444 5.55065493457745 0.863529010213093 0
445 6.057386227115948 1.564440139371168 0
446 5.861706623948882 1.631683440979834 0
447 5.936144262631474 1.465301667568287 0
448 3.996259813762682 0.8410731610095551 0
449 4.226431597780365 0.8723127174546583 0
450 2.365598560503285 1.580797410160837 0
451 2.183065955881312 1.608625803444888 0
452 1.116282905488325 1.576316298588711 0
453 0.9969875116085127 1.48957409513458 0
454 1.113385064544314 1.38227681087362 0
455 5.806730454398262 1.379304997462791 0
456 6.002410057565329 1.312061695854125 0
457 5.093013426696917 1.841051796485597 0
458 5.237354923961004 1.680580908230022 0
459 5.275920444670828 1.839529111744426 0
460 3.773297340163926 1.203980138207466 0
461 3.809107534824343 1.348881958191089 0
462 3.629232436795543 1.253149248805072 0
463 4.800614261369161 0.9380656818539302 0
464 5.017774635415838 0.9118979892327236 0
465 4.977026068141219 1.066397150592889 0
466 5.159616210995795 0.8254836492732612 0
467 4.983204404223736 0.6971521805343024 0
468 0.8466297070576501 1.378905883091219 0
469 0.8495275480016611 1.57294537080631 0
470 12.28799907344954 1.187504456643136 0
471 12.38554472584538 0.9999929042288061 0
472 12.4750626333173 1.187495905416024 0
473 12.47445162372188 0.8126304158061405 0
474 12.28738806385412 0.8126389670332518 0
475 1.066543947912291 1.147767303709744 0
476 0.9387423880945931 1.147767303709744 0
477 3.744841560591659 1.041114311125834 0
478 3.495251072111444 0.1668711215191927 0
479 3.398538271922672 0.3271089789308266 0
480 3.27828719980795 0.1602378574116339 0
481 4.899422902777584 1.640602088079042 0
482 4.921960795117025 1.841051796485597 0
483 2.086053829334807 1.047892206191603 0
484 2.053288824734139 1.166120040845785 0
485 1.967234995399332 1.118227834654182 0
486 1.870626087551562 1.118227834654182 0
487 4.446424511384834 1.849154269705853 0
488 5.224343000026829 1.235514037516911 0
489 5.3911780343464 1.367907741803296 0
490 4.097566939164324 1.812458317324424 0
491 4.267675661042942 1.661612587030276 0
492 4.275371879804585 1.849154269705853 0
493 4.12108343095225 1.370040370018962 0
494 4.322799435397664 1.238414099382434 0
495 4.065467986757999 0.4034571015367688 0
496 4.150902300060833 0.5165620390674094 0
497 4.010824435174337 0.5950601910582507 0
498 4.263819644334756 0.6562723766204082 0
499 4.318463195918418 0.4646692870989263 0
500 10.67567822099874 1.446000809732076 0
501 10.86065278030805 1.429669468979142 0
502 12.84710729740292 1.319024678049379 0
503 12.84711865287466 0.6809885875635979 0
504 9.842820494637724 0.5953065880875245 0
505 9.6622644921588 0.5642682909621993 0
506 2.148793068963683 0.3853432938617707 0
507 2.148793068963683 0.5177748888538446 0
508 2.071588300905971 1.726668445620138 0
509 2.005098186096196 1.600216913171417 0
510 1.973126055041925 1.859129777673334 0
511 2.15109382482704 1.867538667946804 0
512 2.322146456407289 1.867538667946804 0
513 0.5849554378620443 1.590130193348007 0
514 0.4323312679277405 1.555243131789939 0
515 0.5465455735164945 1.427390097204881 0
516 4.896646091811397 0.1457861619863767 0
517 4.898088259909845 0.3879785759090846 0
518 4.751442168089289 0.2421924139227079 0
519 10.37087307176284 0.469828660028848 0
520 10.51763807412832 0.543595109793134 0
521 10.42243976815866 0.6736851535485393 0
522 10.66741488525782 0.6165800618733227 0
523 10.61584818886199 0.4127235683536314 0
524 2.530375266912563 1.586004665726421 0
525 2.414332777100364 1.740284591459192 0
526 5.446973076249907 1.839529111744426 0
527 11.70313099283781 0.8697715884062386 0
528 11.8104469967588 0.7246936538562695 0
529 11.90994758287561 0.8553379836901318 0
530 11.40047360012594 0.4701074041110579 0
531 11.54998144598446 0.5395544253996939 0
532 11.45412256086248 0.6696802372837403 0
533 11.70025270335822 0.6122937064307461 0
534 11.64660374262168 0.4127208732580637 0
535 0.4589604238053038 1.299443405681536 0
536 0.6115845937396076 1.334330467239604 0
537 1.997963234979704 1.485470497538697 0
538 1.886485580004363 1.603513139713947 0
539 9.599613434981357 1.588076854456086 0
540 9.49758647902526 1.459566448180115 0
541 9.647973044063576 1.386742453897803 0
542 9.40068122473058 1.329776373989525 0
543 9.352321615648357 1.531110774547808 0
544 8.573295763365115 1.588231764380924 0
545 8.471260570182142 1.459767391429498 0
546 8.62164901736924 1.38698375251384 0
547 8.374355326362748 1.329983435120339 0
548 8.326002072358623 1.531231446987423 0
549 7.546978041569414 1.588381348078255 0
550 7.444934834344521 1.45996153043874 0
551 7.595325213859852 1.387217311950982 0
552 7.348029319847719 1.330182528687403 0
553 7.299682147557281 1.531346564814676 0
554 6.52224402224298 1.590702955778885 0
555 6.421449803953082 1.463562960758096 0
556 6.570258413327299 1.388679877138371 0
557 3.298433529744828 0.4828194343773186 0
558 3.515397402048322 0.4894526984848774 0
559 6.300644030417971 1.329799124038601 0
560 6.252629639333652 1.531822202679115 0
561 5.101263716413931 1.399746683713003 0
562 5.071107158574998 1.204462104167773 0
563 4.853946784528322 1.23062979678898 0
564 4.938965157995716 0.547561334210128 0
565 3.002048898511628 0.7967471954901684 0
566 3.181120403422571 0.8145090510795656 0
567 3.113868293329479 0.9479081793100614 0
568 3.475962741475968 1.514526297844475 0
569 3.41591377084965 1.68274124768394 0
570 3.306448032896327 1.522040851653926 0
571 4.393992493637949 0.8204199654861752 0
572 5.290809503407308 0.6675700354372621 0
573 10.35803568886102 0.1698693081367213 0
574 10.25434574278966 0.336193036212927 0
575 10.14631005391819 0.1663237280762057 0
576 11.38879124262069 0.1699907961135057 0
577 11.28456744560268 0.3383247520796927 0
578 11.17702620297545 0.168333955966187 0
579 9.324228238661705 0.1632597632226121 0
580 9.220486876940086 0.3338302761137612 0
581 9.115008638263994 0.1705705128911491 0
582 11.18318139048709 1.83138260604499 0
583 11.28568514445706 1.666103590096069 0
584 11.39197743819085 1.834720984051079 0
585 10.15714081610566 1.829483340660405 0
586 10.2593991391536 1.666716168097834 0
587 10.36541621780136 1.837232827437429 0
588 9.132139135829503 1.831847124023666 0
589 9.238331518158045 1.662297548392864 0
590 9.343034487614496 1.830450424369199 0
591 8.105820280220943 1.831888473961251 0
592 8.212010780400709 1.662396175609542 0
593 8.31671681599825 1.830507701648291 0
594 7.079501181503416 1.831927308141145 0
595 7.18568974935495 1.662490091424151 0
596 7.29039909420255 1.830562783283007 0
597 7.259556164028846 0.1632199086939293 0
598 7.158426755228788 0.3344291053451985 0
599 7.05512059118049 0.1712091966512692 0
600 11.90706929339602 0.5978601017146393 0
601 1.198581777695808 1.113317350691802 0
602 1.126127500448019 1.261084654401547 0
603 5.230794970482666 0.470927577779618 0
604 5.39655849408628 0.52775977264204 0
605 8.288089972717316 0.1625471395441256 0
606 8.185515529049233 0.3335308918608261 0
607 8.08492555631361 0.1709837523167005 0
608 5.54986047143635 0.6081102751610064 0
609 5.489845938511708 0.4114678175033623 0
610 7.021008600081569 0.6740484663708695 0
611 6.906686402374826 0.5272648024593745 0
612 7.068313380087176 0.4892020572140334 0
613 6.802778327779385 0.4154221037264327 0
614 6.755473547773779 0.6002685128832687 0
615 5.99383457864394 0.6741790188246517 0
616 5.879852401478068 0.5280361783898827 0
617 6.043505113373161 0.4900852266665231 0
618 5.786335426034533 0.4178803531270413 0
619 5.736664891305313 0.6019741452851699 0
620 11.01288501878726 1.489903780236727 0
621 10.92465685827409 1.602530900832395 0
622 9.842642695094185 1.400336168835032 0
623 9.993204563813297 1.47219307940855 0
624 9.900561868738787 1.587109770747292 0
625 11.18325376374343 1.515663591297035 0
626 11.11924968577738 1.342802159443783 0
627 8.839067378999637 1.39439814511154 0
628 8.990943356910057 1.468521206402573 0
629 8.875560188462632 1.589571186756298 0
630 7.812740528863206 1.39462868321469 0
631 7.964613440632535 1.468698592380692 0
632 7.849241332854072 1.589707038756499 0
633 6.786611498640844 1.394983816241176 0
634 6.938481101160154 1.469001188302741 0
635 6.822922234136506 1.589837244220725 0
636 10.15721095931976 1.513837519358358 0
637 10.09929178567515 1.327063917446098 0
638 9.141426263863364 1.532507474202274 0
639 9.104933454400369 1.337334432557516 0
640 8.115105536581314 1.532612219300383 0
641 8.078604732590449 1.337533863758574 0
642 7.088784234858146 1.532711089672814 0
643 7.052473499362485 1.337857661693265 0
644 8.047325596647067 0.67384745836115 0
645 7.934049695279642 0.5268884670749238 0
646 8.095627014012953 0.4889264959196273 0
647 7.830272667657232 0.4147261604814252 0
648 7.781971250291345 0.599647122922948 0
649 9.074511694814969 0.6715546510075081 0
650 8.961792554891602 0.5261147465270245 0
651 9.123986416465744 0.4865809302627819 0
652 8.858051872690368 0.4138294289388497 0
653 8.808577151039593 0.5988031496835758 0
654 11.15385282087674 0.6661854622950088 0
655 11.03794666635348 0.5344028102636437 0
656 11.18870856048069 0.4684505639637391 0
657 10.91921370297446 0.4111882161830971 0
658 10.88435796337051 0.6089231145143668 0
659 10.11330953156046 0.6659042158231295 0
660 9.996782202587284 0.5322685920072086 0
661 10.15914743682 0.4662830799683324 0
662 9.88865839989727 0.3956854522327272 0
663 2.486923162816566 1.872745923512388 0
664 3.678297935027184 0.5106481979404165 0
665 3.57819319284934 0.6663586533869086 0
666 3.35411622905545 0.8054165944154141 0
667 3.242296834237599 0.654255610595521 0
668 3.201696851596238 1.076591051660051 0
669 3.022625346685295 1.058829196070654 0
670 3.515769817489303 1.375938485301578 0
671 3.625235555442625 1.536638881331592 0
672 12.53586578786365 1.339861740298766 0
673 6.231279859048026 0.163091321924718 0
674 6.133541327159191 0.335062515040595 0
675 6.027261468096125 0.1719711931158771 0
676 9.593470365608496 0.9348626321522975 0
677 9.510600026346612 0.7863042274871425 0
678 4.470296342896942 0.4435621525302894 0
679 4.631048240894641 0.3835647541270347 0
680 12.53526613373997 0.660293493536389 0
681 3.833241923849852 0.584754703185029 0
682 3.770446133048834 0.4078487482829978 0
683 2.260058873694315 0.5887220572702051 0
684 2.111265804730632 0.6404462752283087 0
685 1.906910309843268 1.362611196694795 0
686 2.025522915935101 1.359314970152266 0
687 10.51565853180825 1.220177233583546 0
688 10.61662136578831 1.057854995488547 0
689 2.037413123833978 1.255462004163098 0
690 12.24998325281286 1.521814548816565 0
691 12.07724086418348 1.476671715603132 0
692 12.20477459229208 1.329864624616921 0
693 12.19677927426361 0.6677682638753745 0
694 12.06793020175307 0.5207098645973796 0
695 12.24744588922008 0.4782180793325913 0
696 5.387021980574769 0.165558657492198 0
697 5.215146980575504 0.165558657492198 0
698 11.91738194205535 1.394243091548551 0
699 11.96259060257613 1.586193015748196 0
700 0.6346005105076481 1.212318861196122 0
701 0.7221856602188388 1.340265552719467 0
702 3.667126072110709 0.1668711215191927 0
703 2.111265804730632 0.7555878415498649 0
704 11.95773590835249 0.4083099171718561 0
705 5.084169081717824 0.4511550822737967 0
706 6.111975726903193 1.04160037873095 0
707 6.040409825694157 1.183027368609507 0
708 5.944562150541152 1.084638035870072 0
709 4.629606072796193 0.1413723402043268 0
710 9.333206016863453 0.4792701805942449 0
711 2.873229097028437 1.089697323133886 0
712 2.717122473595389 1.085305976384053 0
713 2.778690164985488 0.9257549769708307 0
714 7.272748952935531 0.4812127692566935 0
715 11.39204981144719 1.519001969303125 0
716 10.36548636101546 1.521587006135382 0
717 8.298791430416657 0.4804898831470524 0
718 6.169823633927369 1.269024038715003 0
719 11.07618563081998 0.896106734877689 0
720 11.19117134873303 0.8009520511126872 0
721 11.26426605280348 0.9649210773954629 0
722 5.337380749900339 1.554928420275496 0
723 5.154473731926427 1.556451105016667 0
724 0.3065515200788741 1.468746101829262 0
725 0.2306232351279016 1.395595360064865 0
726 0.3179931186312181 1.319352293882416 0
727 11.34193324286024 0.7349998048127826 0
728 2.258147283021343 0.3356076449736853 0
729 2.384923041191313 0.231861774584096 0
730 2.424361896097336 0.3623048005061517 0
731 0.8696456238256904 1.256894277047737 0
732 0.8142983412557818 1.109126973337993 0
733 12.0480668676184 1.834310819901388 0
734 12.21911949919631 1.834310819901388 0
735 9.845429180531175 1.126174710218978 0
736 9.740615739138088 1.271825762559061 0
737 9.650759529500569 1.112580995281749 0
738 12.21554840835347 0.1655798400272981 0
739 12.04367340835281 0.1655798400272981 0
740 8.842908454743604 1.135265300573064 0
741 8.737032185816664 1.265933772160114 0
742 8.625490093113207 1.127850907975364 0
743 7.816590684789894 1.135566598955446 0
744 7.710697321638314 1.266208865575175 0
745 7.59917536978654 1.128155227691739 0
746 6.79047133695963 1.135988720926637 0
747 6.685817280350946 1.267843821220387 0
748 6.574118251646086 1.129684781823832 0
749 3.329718400881534 1.15974796835696 0
750 3.443181020187774 1.036958731860454 0
751 3.479959622828886 1.231036665317955 0
752 10.67503113034342 0.8862560785060849 0
753 10.78614784863684 0.7397946559538693 0
754 10.89197420845612 0.8785991311471291 0
755 2.875160564145306 1.399876263556161 0
756 2.960574999741739 1.332387433922402 0
757 3.024074158248707 1.483015374931455 0
758 12.49927774045055 1.497480318355506 0
759 12.50745314247822 1.68502757872061 0
760 12.38569238294913 1.562554718195458 0
761 10.03660080783324 0.8908438081165457 0
762 10.11251878800364 0.7879155999917946 0
763 10.19817529850914 0.9468696802463347 0
764 10.27488402223636 0.7219300879529185 0
765 2.447443827133569 0.1292794650582812 0
766 2.281229214057575 0.1025823095258148 0
767 6.403154859047292 0.163091321924718 0
768 5.643377446879885 0.7182661004238478 0
769 5.737459354446412 0.8573928803372566 0
770 12.3838952900446 0.4382325825495643 0
771 12.50612375655696 0.3152701663068956 0
772 12.49852342824298 0.5023140623679174 0
773 7.203494700054941 1.279012554775547 0
774 7.053191566356948 1.215302653405474 0
775 8.229763962884469 1.278845676384701 0
776 8.07927186693569 1.21493204946501 0
777 7.124089984914523 1.050691232493541 0
778 6.973068784222066 1.109536339411259 0
779 9.256098610136046 1.278632198583866 0
780 9.105615703182739 1.214645930784164 0
781 8.150324092230694 1.050518915736729 0
782 7.999164861936672 1.109207103110602 0
783 12.10787237638711 0.85513075229804 0
784 12.00055637246611 1.000208686848009 0
785 9.176752198139473 1.049982973381644 0
786 9.025587042403796 1.108685207355295 0
787 2.961057655295196 1.218380195483876 0
788 3.109971249398598 1.30151930685917 0
789 12.11525668482016 1.142361623429703 0
790 11.91733189130866 1.142568854821795 0
791 5.068521091810662 0.1457861619863767 0
792 3.106412199808685 0.1602378574116339 0
793 4.483514766588858 0.9245297739760426 0
794 6.247523504325064 0.481205355475364 0
795 7.431431164028198 0.1632199086939293 0
796 9.97443505391753 0.1663237280762057 0
797 4.455944285594475 1.176490576304492 0
798 4.422139273908583 1.378444369366501 0
799 8.94313363826334 0.1705705128911491 0
800 4.657574909099967 1.204542844751328 0
801 4.558235070589049 1.064512574767261 0
802 11.0051512029748 0.168333955966187 0
803 4.68514539009435 0.9525820424228778 0
804 11.56303006976876 1.834720984051079 0
805 11.01212875890918 1.83138260604499 0
806 0.1210324168401228 1.289767442725676 0
807 0.1095908182877788 1.439161250672521 0
808 10.53646884937927 1.837232827437429 0
809 9.98608818452775 1.829483340660405 0
810 9.514087119192407 1.830450424369199 0
811 8.96108650425159 1.831847124023666 0
812 8.487769447576161 1.830507701648291 0
813 7.934767648643032 1.831888473961251 0
814 7.461451725780461 1.830562783283007 0
815 6.908448549925506 1.831927308141145 0
816 12.25815865484054 1.70936180918167 0
817 6.26566507487499 1.832793019699305 0
818 6.436717706453981 1.832793019699305 0
819 7.913050556312957 0.1709837523167005 0
820 3.590612051579806 0.9921853108032191 0
821 3.742031370036338 0.9250521931076039 0
822 11.56066624262135 0.1699907961135057 0
823 8.45996497271797 0.1625471395441256 0
824 10.52991068886167 0.1698693081367213 0
825 9.496103238662361 0.1632597632226121 0
826 12.25504621753406 0.2911741832715694 0
827 6.883245591181225 0.1712091966512692 0
828 3.818677302438196 0.8307676731363334 0
829 3.664447793426343 0.7818386728137183 0
830 2.156231957769453 1.18512637570052 0
831 5.85538646809686 0.1719711931158771 0
832 1.245422894327831 1.347826857855678 0
833 1.317748882767264 1.113317350691802 0
834 2.619318827132921 0.1292794650582812 0
835 3.015743408485245 0.3808950571780578 0
836 3.125437704111949 0.4919118910414702 0
837 2.959606712978017 0.5523312333962602 0
838 1.465317731926223 1.883559893847084 0
839 1.636370363506472 1.883559893847084 0
840 2.842294685238607 0.8075828615269938 0
841 2.9095467953317 0.6741837332964981 0
842 1.818821662457352 1.20860202339082 0
843 1.754977759210249 1.090374188736638 0
844 5.580363300699662 1.605801596332902 0
845 5.474059226380977 1.492037545016651 0
846 5.634160585145723 1.418780917860703 0
847 2.799852499704996 0.5631668994330857 0
848 2.675918165535646 1.209229487673788 0
849 2.581379233492697 1.045287141510733 0
850 0.406423197716895 1.858991613966533 0
851 0.5774758292971457 1.858991613966533 0
852 4.649841011836734 1.457810714737725 0
853 4.751655999533747 1.342607798326212 0
854 4.846212887265088 1.483897666775378 0
855 11.21944938281199 1.214318865832278 0
856 11.32988170178365 1.076822584108473 0
857 11.40005074970521 1.231065688780286 0
858 10.19277774976017 1.209253122883496 0
859 10.28732127987632 1.070223662824417 0
860 10.35784171129776 1.229678897336828 0
861 6.256448431329461 0.7689471393036277 0
862 6.185768811935038 0.9224386287487387 0
863 6.08680767114461 0.789719556546403 0
864 7.280751602450687 0.7694178586834903 0
865 7.211417414943548 0.9238874573703894 0
866 7.113301390286781 0.7904553198124273 0
867 8.307009012465048 0.7693618605998271 0
868 8.237666098390697 0.9238161016880613 0
869 8.139560001306027 0.7903397282940876 0
870 9.334036658356224 0.7674080780530975 0
871 9.264045648841933 0.9234087856578521 0
872 9.166714546874822 0.7880215423480204 0
873 5.189918072396797 0.3113448194785746 0
874 2.854760833603063 0.315167265315747 0
875 3.020591824736996 0.2547479229609569 0
876 3.889932716096368 1.426477659716539 0
877 4.021521579297703 1.462314741121165 0
878 3.958281857201345 1.589079553244222 0
879 3.162673215357245 1.845127900746696 0
880 3.333725846937492 1.845127900746696 0
881 6.769076965311994 0.8549704465731463 0
882 6.95167441257443 0.8285180650577684 0
883 6.861369755517206 0.9713773000147041 0
884 7.795408505425938 0.8546611952942282 0
885 7.977982682572716 0.8283016994493841 0
886 7.887642910084898 0.9711534652271658 0
887 8.821842097640488 0.8541354518300323 0
888 9.00452068530068 0.8275553586122628 0
889 8.914044949700338 0.9706023431705444 0
890 9.938915144616196 1.008363915656376 0
891 3.23847545423735 1.270668985117552 0
892 10.96506891252657 1.042568157429905 0
893 3.745867812727985 1.475646770314146 0
894 4.189432572057227 1.532642263546645 0
895 5.923154959249517 0.8276705082697626 0
896 5.830432446947082 0.9729334180590079 0
897 12.65762654739273 1.462334600823918 0
898 11.04908063785582 1.18855905477197 0
899 10.02877135425371 1.167608682933688 0
900 12.65749460025234 0.5373310772937203 0
901 1.727917471165651 1.742689671520417 0
902 1.802073423461676 1.859129777673334 0
903 6.178192000651059 1.698203976090662 0
904 1.626237125187737 1.654490048549396 0
905 1.791940185142941 1.630059932375646 0
906 4.305897925818403 0.1624794747729637 0
907 4.134022925819139 0.1624794747729637 0
908 2.346268345222155 0.6980170583890868 0
909 2.383795609455206 0.5753456720146227 0
910 6.070421662657286 1.865410956391358 0
911 2.945429624926502 0.09451006554932301 0
912 3.501547260447481 0.7606431733581791 0
913 3.440370829632453 0.9208966138422239 0
914 2.440636456222454 0.4865837427490685 0
915 2.526845927750294 0.5958787438679501 0
916 2.657975794396812 1.872745923512388 0
917 12.52588126091049 1.875050989280281 0
918 12.6394666184119 1.809976589440329 0
919 3.092529392461141 1.620380003029303 0
920 3.077146899567121 1.748500772385288 0
921 2.923277229758253 1.678624973921199 0
922 12.63850094737702 0.1896758230626244 0
923 12.52387280917863 0.1255943432442712 0
924 6.412436883578645 1.081603046811772 0
925 6.517090940187329 0.9497479465180225 0
926 5.899369031078206 1.865410956391358 0
927 7.436074816871207 1.08082374527646 0
928 7.541968180022787 0.9501814786567313 0
929 8.462364466867992 1.080678806778107 0
930 8.568240735794932 0.9500103351910574 0
931 2.646728857951616 1.631700886272641 0
932 2.811121484628911 1.662327834398845 0
933 2.743502110186936 1.77611879515098 0
934 9.488656924215409 1.080513684492381 0
935 5.777557949424148 0.2886589952397249 0
936 5.703421481313718 0.1166878021238479 0
937 5.758866545738046 1.114360407937566 0
938 2.095121380376469 0.8554216035036872 0
939 2.095121380376469 0.9555304837761569 0
940 4.500382362894298 1.507414692850132 0
941 4.367237512697488 1.569338215928074 0
942 2.206387185107101 0.8112272055984915 0
943 11.95773590835249 0.2717319845215457 0
944 11.88281249999576 0.1061521444942476 0
945 11.88858674534304 1.890287552192389 0
946 11.9629694024289 1.724598372093777 0
947 11.79687499999544 0.3488822216388056 0
948 4.35737899862302 0.3038518149772905 0
949 11.80311048030077 1.642169748039196 0
950 11.65655732381574 1.046992662648291 0
951 11.55705673769894 0.916348332814429 0
952 2.993421052654357 1.903372871638592 0
953 0.8917842966816232 1.87818508617945 0
954 0.8785690782171356 1.719991877604285 0
955 1.013100571017012 1.841806791424835 0
956 3.918676237152687 0.6978596407156694 0
957 10.51079500596903 0.919050520295287 0
958 5.634370439251393 0.3625969621350121 0
959 12.71397523364871 1.697915315408652 0
960 12.73240335208098 1.887938725968323 0
961 12.73144500938405 0.1119043248326191 0
962 12.71369595676237 0.3015801478952435 0
963 0.7207316651013742 1.87818508617945 0
964 0.6772367150388625 1.109126973337993 0
965 2.567412214392425 0.3828378723594791 0
966 6.646869339121421 0.3544144354654044 0
967 6.798082193722468 0.2814107250415102 0
968 1.651368909021831 1.090374188736638 0
969 6.727336602523263 0.1102015283902409 0
970 1.43289044745915 1.086182510486679 0
971 1.373306894923422 1.199499861178481 0
972 7.675237200439647 0.3527873900486827 0
973 7.827315645427943 0.2800287342006584 0
974 7.758015089095371 0.109044981883958 0
975 0.1095908182877788 1.605827917339188 0
976 2.10935421405766 0.1025823095258148 0
977 2.10935421405766 0.2549002679397149 0
978 3.911811801634979 0.3509909816759788 0
979 4.051889666521475 0.2724928296851373 0
980 3.980366740696118 0.1100133549121736 0
981 8.703861218867557 0.3520070620102854 0
982 8.857076622719564 0.279318658853734 0
983 8.788942984440531 0.1087481459625849 0
984 2.826503977522932 1.53420706504286 0
985 9.734535845967637 0.3356586689679966 0
986 9.888497553917198 0.2726206728876807 0
987 9.820312499987896 0.106296944811475 0
988 2.510907987874219 1.297864068614267 0
989 2.646651227976911 1.337882903487587 0
990 2.763004819015964 1.383579124033807 0
991 2.597994641354537 1.472213704974286 0
992 3.503240555517132 1.837613346937244 0
993 3.674293187097381 1.837613346937244 0
994 10.76582345333663 0.3516766214767675 0
995 10.91941215631961 0.2771563172260444 0
996 10.85176095333696 0.1088223612598574 0
997 12.35199780917798 0.1255943432442712 0
998 12.35482862933258 1.875050989280281 0
999 10.86184210527611 1.893846390217233 0
1000 10.92660244312023 1.725228996262223 0
1001 9.835539093044847 1.890116233642836 0
1002 9.900574645974999 1.719599574303242 0
1003 11.64898523615718 1.725008536243468 0
1004 11.71753411376512 1.890287552192389 0
1005 8.809318946947826 1.890334702827715 0
1006 8.875668609069289 1.722181826851381 0
1007 10.62199516516823 1.731079217654661 0
1008 10.6907894736982 1.893846390217233 0
1009 10.77437020464102 1.664994685004638 0
1010 7.783002793160437 1.890382394422356 0
1011 7.849349389140808 1.722270868383607 0
1012 9.599626212217569 1.720566658012035 0
1013 9.664486461466936 1.890116233642836 0
1014 6.756802051862836 1.890587097275561 0
1015 6.823145338593147 1.722514405416706 0
1016 9.750012777255884 1.647742663729723 0
1017 8.573404183971771 1.720842404476006 0
1018 8.638266315369915 1.890334702827715 0
1019 11.64860643630441 1.586603179897887 0
1020 8.723792631158869 1.648058765560348 0
1021 7.547086097856148 1.720945177705363 0
1022 7.611950161582525 1.890382394422356 0
1023 10.6200495803221 1.608381122224833 0
1024 7.697476477371478 1.648200959217605 0
1025 6.52246712669962 1.723380116974866 0
1026 6.585749420284838 1.890587097275561 0
1027 6.671275736073836 1.648497033355141 0
1028 0.6139969680775188 1.737176700145982 0
1029 4.457731072796928 0.1413723402043268 0
1030 5.747036427793606 1.894371051080554 0
1031 5.830615985148755 1.759782007471911 0
1032 1.343954148337888 1.503591208662941 0
1033 1.356750988446993 1.647492649253458 0
1034 1.245477298533231 1.612920454918269 0
1035 1.313347595642167 1.878410947754392 0
1036 1.410244274926391 1.761970841601476 0
1037 0.4196429809618627 1.10319188785813 0
1038 0.3830321388543313 1.226292663917139 0
1039 0.278675675787777 1.12310077605901 0
1040 2.822368421074108 1.903372871638592 0
1041 11.64660374262168 0.2761429406077533 0
1042 11.7109374999951 0.1061521444942476 0
1043 1.784805234026449 1.515313516742925 0
1044 0.5666356485596314 1.10319188785813 0
1045 10.61604664220713 0.2786916693965788 0
1046 10.67988595333631 0.1088223612598574 0
1047 1.508721124731048 1.652641595346149 0
1048 3.70606073671465 1.614234582857042 0
1049 9.582201584642753 0.3926214873791337 0
1050 9.582040738662681 0.2695567080340871 0
1051 9.648437499987244 0.106296944811475 0
1052 11.53146305939976 1.516434101746408 0
1053 11.68558830354334 1.433595313542136 0
1054 11.42903167868612 1.365994102947374 0
1055 10.52330318152595 1.5120853423821 0
1056 10.4211150016921 1.359206693642624 0
1057 6.3386437985468 1.200764796793984 0
1058 6.281616487088042 1.020827961488175 0
1059 7.348747386842182 1.207627520399611 0
1060 7.29154019707843 1.029653771364604 0
1061 1.544006471771465 1.086182510486679 0
1062 8.546758207145647 0.4058060555918261 0
1063 8.545782957174847 0.2712952855067105 0
1064 8.375022460707989 1.207381620826775 0
1065 8.317773103389715 1.029541048042469 0
1066 8.617067984439878 0.1087481459625849 0
1067 9.401363473512948 1.207087872216173 0
1068 9.344074309620876 1.029369509086722 0
1069 9.509769384853843 0.4981663300282898 0
1070 9.413268924379501 0.6509169841773106 0
1071 1.142294964061918 1.878410947754392 0
1072 1.12907974559743 1.720217739179228 0
1073 7.520528275373041 0.406962316858654 0
1074 7.517571253143752 0.2722648905778873 0
1075 7.586140089094805 0.109044981883958 0
1076 0.7282112736662728 1.609323665560924 0
1077 11.4448674196967 0.9816679003434714 0
1078 11.49144108871877 0.8044468261014186 0
1079 0.1210324168401228 1.12310077605901 0
1080 6.494562595644716 0.4073042289998815 0
1081 6.4898664615878 0.273292850314959 0
1082 6.555461602523998 0.1102015283902409 0
1083 5.001237890474597 1.525399171667529 0
1084 2.609898831520863 0.684830036233414 0
1085 2.686188061805559 0.8031915147771603 0
1086 2.546294311267743 0.8030021516772508 0
1087 5.709374020664281 1.66064353566903 0
1088 10.36323926004673 0.9672954546996663 0
1089 10.42164902460185 0.7956965377172045 0
1090 3.818620272035078 1.885338580036293 0
1091 3.989672903615325 1.885338580036293 0
1092 1.595810896865674 1.176556699223317 0
1093 11.88764844766943 1.266950670080178 0
1094 11.7729481353154 1.124797733498485 0
1095 3.177943828057575 1.552891173395544 0
1096 1.820994047486219 1.419799370638491 0
1097 1.848553728441616 1.29364384325206 0
1098 0.2655904849047122 1.905391342637541 0
1099 0.3299084194611074 1.764382956604073 0
1100 2.70052503580931 0.3499366648247051 0
1101 2.70537345206106 0.2237895306076042 0
1102 8.334504509701006 0.6149865323600339 0
1103 8.432610606785676 0.7484629057540074 0
1104 11.62687388017652 1.171374477906675 0
1105 3.237992798683893 1.384676223556078 0
1106 7.308240376053846 0.6154867592435258 0
1107 7.406356400710614 0.7489188968014879 0
1108 0.3449613844244239 1.631486197972388 0
1109 6.282765557285059 0.6159090367718505 0
1110 6.381726698075486 0.748628108974186 0
1111 5.700426380079577 1.26554094614654 0
1112 2.370533694608231 0.9431066723052134 0
1113 2.498771712001193 0.8849302410326141 0
1114 2.494345524159478 0.9795400614935964 0
1115 5.481068461901323 0.2822464596160458 0
1116 5.531546481314454 0.1166878021238479 0
1117 3.981976684853683 1.697796897360717 0
1118 2.773554624926674 0.09451006554932301 0
1119 2.181175209711276 1.00342268996776 0
1120 2.716799595934427 0.4742156070676219 0
1121 8.582471286429996 0.5403027048048075 0
1122 8.424393024737285 0.4595909283012326 0
1123 12.9033200093847 0.1119043248326191 0
1124 2.422482481716496 0.7665687624888677 0
1125 12.90345598365889 1.887938725968323 0
1126 7.556019698491355 0.5412363068454864 0
1127 7.398353751195459 0.460713807374691 0
1128 6.52980464860471 0.5420079102963679 0
1129 6.372801771071089 0.4608863251459224 0
1130 3.756867812812311 0.2768844764313663 0
1131 6.627164516180119 0.8732254329442343 0
1132 6.717469173237343 0.7303661979872986 0
1133 2.453141216099735 1.103463572783332 0
1134 7.653406774554918 0.8727204219432218 0
1135 7.743746547042736 0.7298686561654399 0
1136 8.679656998124964 0.8721975284620753 0
1137 8.770132733725305 0.7291505439037938 0
1138 3.808491740696853 0.1100133549121736 0
1139 5.575983796214526 1.894371051080554 0
1140 12.90345598365889 1.721272059301218 0
1141 12.9033200093847 0.2785709914989406 0
1142 8.66639205152407 0.6168652263156189 0
1143 11.53946399765778 1.22849782122357 0
1144 7.639969519420327 0.6177063495719414 0
1145 1.331802715130672 1.2830949267738 0
1146 1.319060279226967 1.404287083245874 0
1147 6.613561098641902 0.6185234992543568 0
1148 0.09453785332446232 1.905391342637541 0
1149 0.2041286716122411 1.677885926643396 0
1150 11.65585480915743 1.306302892073763 0
1151 3.729755564366987 1.722951926973537 0
1152 8.516531371879749 0.8250254272648188 0
1153 7.490306221639586 0.825388939527943 0
1154 1.535473270826731 1.263484639931409 0
1155 1.642835708077097 1.267676318181368 0
1156 6.465483148112678 0.8251436979321749 0
1157 8.544026869115708 0.6706500990250254 0
1158 0.09453785332446232 1.738724675970874 0
1159 12.91409232478982 1.583333333332238 0
1160 12.91409232478982 1.416666666665132 0
1161 12.91411807175255 0.5833333333319138 0
1162 12.91411807175255 0.4166666666657333 0
1163 7.517794995242745 0.6714578400879785 0
1164 6.491800274068275 0.6721055954003977 0
1165 2.298745745955605 0.7799451477444501 0
1166 2.282601321601442 0.8797789096982724 0
1167 5.549272661899536 1.733900162824979 0
1168 3.850387821652347 1.661959815956092 0
1169 11.77299818606208 1.376471970225242 0
1170 12.76119962219274 1.402358011382932 0
1171 12.76123672462721 0.5976552542305077 0
1172 12.72461157477964 1.559976589439672 0
1173 12.72449401913022 0.4396758230620361 0
1174 2.66673967828811 0.5960681069678597 0
1175 2.269107582718065 1.066750452574701 0
1176 2.278175133759727 0.9743887301592547 0
1177 1.446944279822557 1.255960086568677 0
1178 2.446001380923705 1.20495545146918 0
1179 2.358967671590486 1.139208371452044 0
1180 2.261967747542036 1.168242331260549 0
1181 1.732905400100303 1.265790197334516 0
1182 12.81743808113725 0.3619043248320308 0
1183 12.81754830844871 1.637938725967665 0
1184 1.726448652624797 1.44634616330019 0
1185 1.672567774061361 1.352718138042608 0
1186 1.636378960601591 1.448232284147042 0
1187 1.572743838708338 1.540011856201377 0
1188 1.518862960144902 1.446383830943795 0
1189 1.430333969140729 1.438859277581063 0
1190 1.493969091033981 1.347079705526727 0
$EndNodes
$Elements
640
1 8 2 100 1 1 7 9
2 8 2 100 1 7 8 10
3 8 2 100 1 8 2 11
4 8 2 200 2 2 12 19
5 8 2 200 2 12 13 20
6 8 2 200 2 13 14 21
7 8 2 200 2 14 15 22
8 8 2 200 2 15 16 23
9 8 2 200 2 16 17 24
10 8 2 200 2 17 18 25
11 8 2 200 2 18 3 26
12 8 2 200 3 3 27 30
13 8 2 200 3 27 28 31
14 8 2 200 3 28 29 32
15 8 2 200 3 29 4 33
16 8 2 200 4 4 34 65
17 8 2 200 4 34 35 66
18 8 2 200 4 35 36 67
19 8 2 200 4 36 37 68
20 8 2 200 4 37 38 69
21 8 2 200 4 38 39 70
22 8 2 200 4 39 40 71
23 8 2 200 4 40 41 72
24 8 2 200 4 41 42 73
25 8 2 200 4 42 43 74
26 8 2 200 4 43 44 75
27 8 2 200 4 44 45 76
28 8 2 200 4 45 46 77
29 8 2 200 4 46 47 78
30 8 2 200 4 47 48 79
31 8 2 200 4 48 49 80
32 8 2 200 4 49 50 81
33 8 2 200 4 50 51 82
34 8 2 200 4 51 52 83
35 8 2 200 4 52 53 84
36 8 2 200 4 53 54 85
37 8 2 200 4 54 55 86
38 8 2 200 4 55 56 87
39 8 2 200 4 56 57 88
40 8 2 200 4 57 58 89
41 8 2 200 4 58 59 90
42 8 2 200 4 59 60 91
43 8 2 200 4 60 61 92
44 8 2 200 4 61 62 93
45 8 2 200 4 62 63 94
46 8 2 200 4 63 64 95
47 8 2 200 4 64 5 96
48 8 2 300 5 5 97 102
49 8 2 300 5 97 98 103
50 8 2 300 5 98 99 104
51 8 2 300 5 99 100 105
52 8 2 300 5 100 101 106
53 8 2 300 5 101 6 107
54 8 2 200 6 6 108 145
55 8 2 200 6 108 109 146
56 8 2 200 6 109 110 147
57 8 2 200 6 110 111 148
58 8 2 200 6 111 112 149
59 8 2 200 6 112 113 150
60 8 2 200 6 113 114 151
61 8 2 200 6 114 115 152
62 8 2 200 6 115 116 153
63 8 2 200 6 116 117 154
64 8 2 200 6 117 118 155
65 8 2 200 6 118 119 156
66 8 2 200 6 119 120 157
67 8 2 200 6 120 121 158
68 8 2 200 6 121 122 159
69 8 2 200 6 122 123 160
70 8 2 200 6 123 124 161
71 8 2 200 6 124 125 162
72 8 2 200 6 125 126 163
73 8 2 200 6 126 127 164
74 8 2 200 6 127 128 165
75 8 2 200 6 128 129 166
76 8 2 200 6 129 130 167
77 8 2 200 6 130 131 168
78 8 2 200 6 131 132 169
79 8 2 200 6 132 133 170
80 8 2 200 6 133 134 171
81 8 2 200 6 134 135 172
82 8 2 200 6 135 136 173
83 8 2 200 6 136 137 174
84 8 2 200 6 137 138 175
85 8 2 200 6 138 139 176
86 8 2 200 6 139 140 177
87 8 2 200 6 140 141 178
88 8 2 200 6 141 142 179
89 8 2 200 6 142 143 180
90 8 2 200 6 143 144 181
91 8 2 200 6 144 1 182
92 9 2 10 12 191 344 247 413 414 415
93 9 2 10 12 238 401 389 416 417 418
94 9 2 10 12 184 245 342 419 420 421
95 9 2 10 12 193 389 401 422 417 423
96 9 2 10 12 131 346 240 424 425 426
97 9 2 10 12 186 331 354 427 428 429
98 9 2 10 12 187 367 321 430 431 432
99 9 2 10 12 214 243 373 433 434 435
100 9 2 10 12 243 290 373 436 437 434
101 9 2 10 12 99 322 241 438 439 440
102 9 2 10 12 99 241 325 440 441 442
103 9 2 10 12 191 247 332 415 443 444
104 9 2 10 12 211 303 237 445 446 447
105 9 2 10 12 184 333 245 448 449 419
106 9 2 10 12 193 239 389 450 451 422
107 9 2 10 12 197 294 244 452 453 454
108 9 2 10 12 211 237 338 447 455 456
109 9 2 10 12 130 302 339 457 458 459
110 9 2 10 12 300 342 385 460 461 462
111 9 2 10 12 192 290 247 463 464 465
112 9 2 10 12 212 247 290 466 464 467
113 9 2 10 12 215 244 294 468 453 469
114 9 2 10 12 198 257 241 470 471 472
115 9 2 10 12 199 241 257 473 471 474
116 9 2 10 12 14 15 244 22 475 476
117 9 2 10 12 184 342 300 421 460 477
118 9 2 10 12 37 299 263 478 479 480
119 9 2 10 12 131 240 302 426 481 482
120 9 2 10 12 3 351 249 483 484 485
121 9 2 10 12 3 249 18 485 486 26
122 9 2 10 12 131 132 346 169 487 424
123 9 2 10 12 217 247 344 488 414 489
124 9 2 10 12 133 337 346 490 491 492
125 9 2 10 12 216 342 245 493 420 494
126 9 2 10 12 232 289 333 495 496 497
127 9 2 10 12 214 333 289 498 496 499
128 9 2 10 12 132 133 346 170 492 487
129 9 2 10 12 219 354 331 500 428 501
130 9 2 10 12 99 100 322 105 502 438
131 9 2 10 12 98 99 325 104 442 503
132 9 2 10 12 223 321 367 504 431 505
133 9 2 10 12 28 29 246 32 506 507
134 9 2 10 12 239 347 389 508 509 451
135 9 2 10 12 139 347 239 510 508 511
136 9 2 10 12 138 139 239 176 511 512
137 9 2 10 12 215 284 242 513 514 515
138 9 2 10 12 41 348 243 516 517 518
139 9 2 10 12 207 287 323 519 520 521
140 9 2 10 12 225 323 287 522 520 523
141 9 2 10 12 193 268 239 524 525 450
142 9 2 10 12 129 130 339 167 459 526
143 9 2 10 12 185 320 312 527 528 529
144 9 2 10 12 209 285 320 530 531 532
145 9 2 10 12 228 320 285 533 531 534
146 9 2 10 12 215 242 380 515 535 536
147 9 2 10 12 194 389 347 537 509 538
148 9 2 10 12 220 278 313 539 540 541
149 9 2 10 12 206 313 278 542 540 543
150 9 2 10 12 222 280 314 544 545 546
151 9 2 10 12 208 314 280 547 545 548
152 9 2 10 12 224 281 316 549 550 551
153 9 2 10 12 210 316 281 552 550 553
154 9 2 10 12 226 283 317 554 555 556
155 9 2 10 12 213 263 299 557 479 558
156 9 2 10 12 211 317 283 559 555 560
157 9 2 10 12 217 343 247 561 562 488
158 9 2 10 12 192 247 343 465 562 563
159 9 2 10 12 212 290 243 467 436 564
160 9 2 10 12 183 298 248 565 566 567
161 9 2 10 12 195 336 282 568 569 570
162 9 2 10 12 214 245 333 571 449 498
163 9 2 10 12 212 332 247 572 443 466
164 9 2 10 12 57 287 267 573 574 575
165 9 2 10 12 60 285 269 576 577 578
166 9 2 10 12 54 288 266 579 580 581
167 9 2 10 12 112 271 273 582 583 584
168 9 2 10 12 115 272 276 585 586 587
169 9 2 10 12 118 275 278 588 589 590
170 9 2 10 12 121 277 280 591 592 593
171 9 2 10 12 124 279 281 594 595 596
172 9 2 10 12 48 292 264 597 598 599
173 9 2 10 12 228 312 320 600 528 533
174 9 2 10 12 15 286 244 601 602 475
175 9 2 10 12 212 297 332 603 604 572
176 9 2 10 12 51 291 265 605 606 607
177 9 2 10 12 230 332 297 608 604 609
178 9 2 10 12 201 319 264 610 611 612
179 9 2 10 12 229 264 319 613 611 614
180 9 2 10 12 200 334 270 615 616 617
181 9 2 10 12 230 270 334 618 616 619
182 9 2 10 12 219 331 271 501 620 621
183 9 2 10 12 220 330 272 622 623 624
184 9 2 10 12 203 271 331 625 620 626
185 9 2 10 12 222 329 275 627 628 629
186 9 2 10 12 224 328 277 630 631 632
187 9 2 10 12 226 327 279 633 634 635
188 9 2 10 12 204 272 330 636 623 637
189 9 2 10 12 206 275 329 638 628 639
190 9 2 10 12 208 277 328 640 631 641
191 9 2 10 12 210 279 327 642 634 643
192 9 2 10 12 202 318 265 644 645 646
193 9 2 10 12 227 265 318 647 645 648
194 9 2 10 12 205 315 266 649 650 651
195 9 2 10 12 221 266 315 652 650 653
196 9 2 10 12 209 326 269 654 655 656
197 9 2 10 12 225 269 326 657 655 658
198 9 2 10 12 207 321 267 659 660 661
199 9 2 10 12 223 267 321 662 660 504
200 9 2 10 12 138 239 268 512 525 663
201 9 2 10 12 213 299 335 558 664 665
202 9 2 10 12 213 248 298 666 566 667
203 9 2 10 12 183 248 340 567 668 669
204 9 2 10 12 195 385 336 670 671 568
205 9 2 10 12 198 241 322 472 439 672
206 9 2 10 12 45 293 270 673 674 675
207 9 2 10 12 187 308 367 676 677 430
208 9 2 10 12 214 350 243 678 679 433
209 9 2 10 12 199 325 241 680 441 473
210 9 2 10 12 232 335 299 681 664 682
211 9 2 10 12 28 246 274 507 683 684
212 9 2 10 12 194 249 389 685 686 537
213 9 2 10 12 186 354 309 429 687 688
214 9 2 10 12 238 389 249 418 686 689
215 9 2 10 12 198 261 324 690 691 692
216 9 2 10 12 199 312 260 693 694 695
217 9 2 10 12 42 43 297 74 696 697
218 9 2 10 12 218 324 261 698 691 699
219 9 2 10 12 215 380 311 536 700 701
220 9 2 10 12 37 38 299 69 702 478
221 9 2 10 12 27 28 274 31 684 703
222 9 2 10 12 228 260 312 704 694 600
223 9 2 10 12 212 243 348 564 517 705
224 9 2 10 12 251 391 338 706 707 708
225 9 2 10 12 41 243 350 518 679 709
226 9 2 10 12 207 267 287 661 574 519
227 9 2 10 12 209 269 285 656 577 530
228 9 2 10 12 205 266 288 651 580 710
229 9 2 10 12 183 262 310 711 712 713
230 9 2 10 12 201 264 292 612 598 714
231 9 2 10 12 203 273 271 715 583 625
232 9 2 10 12 204 276 272 716 586 636
233 9 2 10 12 206 278 275 543 589 638
234 9 2 10 12 208 280 277 548 592 640
235 9 2 10 12 210 281 279 553 595 642
236 9 2 10 12 202 265 291 646 606 717
237 9 2 10 12 391 211 338 718 456 707
238 9 2 10 12 256 326 395 719 720 721
239 9 2 10 12 217 339 302 722 458 723
240 9 2 10 12 242 375 383 724 725 726
241 9 2 10 12 395 326 209 720 654 727
242 9 2 10 12 246 357 296 728 729 730
243 9 2 10 12 14 244 311 476 731 732
244 9 2 10 12 109 110 261 147 733 734
245 9 2 10 12 187 330 313 735 736 737
246 9 2 10 12 62 63 260 94 738 739
247 9 2 10 12 188 329 314 740 741 742
248 9 2 10 12 189 328 316 743 744 745
249 9 2 10 12 190 327 317 746 747 748
250 9 2 10 12 195 248 300 749 750 751
251 9 2 10 12 186 323 326 752 753 754
252 9 2 10 12 130 131 302 168 482 457
253 9 2 10 12 233 262 406 755 756 757
254 9 2 10 12 198 258 381 758 759 760
255 9 2 10 12 255 321 400 761 762 763
256 9 2 10 12 400 321 207 762 659 764
257 9 2 10 12 34 296 357 765 729 766
258 9 2 10 12 220 313 330 541 736 622
259 9 2 10 12 222 314 329 546 741 627
260 9 2 10 12 224 316 328 551 744 630
261 9 2 10 12 226 317 327 556 747 633
262 9 2 10 12 45 46 293 77 767 673
263 9 2 10 12 191 332 334 444 768 769
264 9 2 10 12 199 379 259 770 771 772
265 9 2 10 12 392 210 327 773 643 774
266 9 2 10 12 225 326 323 658 753 522
267 9 2 10 12 393 208 328 775 641 776
268 9 2 10 12 252 392 327 777 774 778
269 9 2 10 12 394 206 329 779 639 780
270 9 2 10 12 253 393 328 781 776 782
271 9 2 10 12 185 312 257 529 783 784
272 9 2 10 12 254 394 329 785 780 786
273 9 2 10 12 262 340 406 787 788 756
274 9 2 10 12 185 257 324 784 789 790
275 9 2 10 12 41 42 348 73 791 516
276 9 2 10 12 36 37 263 68 480 792
277 9 2 10 12 214 373 245 435 793 571
278 9 2 10 12 200 270 293 617 674 794
279 9 2 10 12 183 340 262 669 787 711
280 9 2 10 12 48 49 292 80 795 597
281 9 2 10 12 56 57 267 88 575 796
282 9 2 10 12 216 245 349 494 797 798
283 9 2 10 12 53 54 266 85 581 799
284 9 2 10 12 192 349 245 800 797 801
285 9 2 10 12 59 60 269 91 578 802
286 9 2 10 12 192 245 373 801 793 803
287 9 2 10 12 111 112 273 149 584 804
288 9 2 10 12 112 113 271 150 805 582
289 9 2 10 12 8 383 375 806 725 807
290 9 2 10 12 114 115 276 152 587 808
291 9 2 10 12 115 116 272 153 809 585
292 9 2 10 12 117 118 278 155 590 810
293 9 2 10 12 118 119 275 156 811 588
294 9 2 10 12 120 121 280 158 593 812
295 9 2 10 12 121 122 277 159 813 591
296 9 2 10 12 123 124 281 161 596 814
297 9 2 10 12 124 125 279 162 815 594
298 9 2 10 12 198 381 261 760 816 690
299 9 2 10 12 126 127 283 164 817 818
300 9 2 10 12 50 51 265 82 607 819
301 9 2 10 12 184 300 388 477 820 821
302 9 2 10 12 60 61 285 92 822 576
303 9 2 10 12 51 52 291 83 823 605
304 9 2 10 12 57 58 287 89 824 573
305 9 2 10 12 54 55 288 86 825 579
306 9 2 10 12 199 260 379 695 826 770
307 9 2 10 12 47 48 264 79 599 827
308 9 2 10 12 335 184 388 828 821 829
309 9 2 10 12 238 249 351 689 484 830
310 9 2 10 12 44 45 270 76 675 831
311 9 2 10 12 197 244 286 454 602 832
312 9 2 10 12 230 334 332 619 768 608
313 9 2 10 12 15 16 286 23 833 601
314 9 2 10 12 34 35 296 66 834 765
315 9 2 10 12 231 263 298 835 836 837
316 9 2 10 12 140 141 250 178 838 839
317 9 2 10 12 183 341 298 840 841 565
318 9 2 10 12 18 249 301 486 842 843
319 9 2 10 12 237 339 344 844 845 846
320 9 2 10 12 231 298 341 837 841 847
321 9 2 10 12 217 344 339 489 845 722
322 9 2 10 12 262 353 310 848 849 712
323 9 2 10 12 143 144 284 181 850 851
324 9 2 10 12 240 349 343 852 853 854
325 9 2 10 12 203 256 307 855 856 857
326 9 2 10 12 204 255 309 858 859 860
327 9 2 10 12 200 304 251 861 862 863
328 9 2 10 12 192 343 349 563 853 800
329 9 2 10 12 201 305 252 864 865 866
330 9 2 10 12 202 306 253 867 868 869
331 9 2 10 12 205 308 254 870 871 872
332 9 2 10 12 42 297 348 697 873 791
333 9 2 10 12 231 386 263 874 875 835
334 9 2 10 12 235 342 337 876 877 878
335 9 2 10 12 135 136 282 173 879 880
336 9 2 10 12 190 319 252 881 882 883
337 9 2 10 12 189 318 253 884 885 886
338 9 2 10 12 188 315 254 887 888 889
339 9 2 10 12 187 321 255 432 761 890
340 9 2 10 12 195 340 248 891 668 749
341 9 2 10 12 186 326 256 754 719 892
342 9 2 10 12 213 298 263 667 836 557
343 9 2 10 12 235 385 342 893 461 876
344 9 2 10 12 216 337 342 894 877 493
345 9 2 10 12 191 334 251 769 895 896
346 9 2 10 12 198 322 258 672 897 758
347 9 2 10 12 186 256 331 892 898 427
348 9 2 10 12 187 255 330 890 899 735
349 9 2 10 12 188 254 329 889 786 740
350 9 2 10 12 189 253 328 886 782 743
351 9 2 10 12 190 252 327 883 778 746
352 9 2 10 12 215 311 244 701 731 468
353 9 2 10 12 199 259 325 772 900 680
354 9 2 10 12 199 257 312 474 783 693
355 9 2 10 12 140 250 347 839 901 902
356 9 2 10 12 205 254 315 872 888 649
357 9 2 10 12 202 253 318 869 885 644
358 9 2 10 12 201 252 319 866 882 610
359 9 2 10 12 198 324 257 692 789 470
360 9 2 10 12 211 283 303 560 903 445
361 9 2 10 12 250 378 347 904 905 901
362 9 2 10 12 39 40 289 71 906 907
363 9 2 10 12 196 274 246 908 683 909
364 9 2 10 12 127 303 283 910 903 817
365 9 2 10 12 204 330 255 637 899 858
366 9 2 10 12 203 331 256 626 898 855
367 9 2 10 12 36 263 386 792 875 911
368 9 2 10 12 200 251 334 863 895 615
369 9 2 10 12 213 388 248 912 913 666
370 9 2 10 12 196 246 408 909 914 915
371 9 2 10 12 137 138 268 175 663 916
372 9 2 10 12 108 381 258 917 759 918
373 9 2 10 12 233 282 382 919 920 921
374 9 2 10 12 64 259 379 922 771 923
375 9 2 10 12 190 317 304 748 924 925
376 9 2 10 12 127 128 303 165 926 910
377 9 2 10 12 189 316 305 745 927 928
378 9 2 10 12 188 314 306 742 929 930
379 9 2 10 12 268 384 382 931 932 933
380 9 2 10 12 187 313 308 737 934 676
381 9 2 10 12 44 270 358 831 935 936
382 9 2 10 12 191 251 338 896 708 937
383 9 2 10 12 3 27 295 30 938 939
384 9 2 10 12 240 346 349 425 940 852
385 9 2 10 12 216 349 346 798 940 941
386 9 2 10 12 27 274 295 703 942 938
387 9 2 10 12 62 260 372 739 943 944
388 9 2 10 12 110 361 261 945 946 733
389 9 2 10 12 228 372 260 947 943 704
390 9 2 10 12 214 289 350 499 948 678
391 9 2 10 12 218 261 361 699 946 949
392 9 2 10 12 185 307 320 950 951 527
393 9 2 10 12 136 382 282 952 920 879
394 9 2 10 12 142 356 294 953 954 955
395 9 2 10 12 232 333 335 497 956 681
396 9 2 10 12 186 309 323 688 957 752
397 9 2 10 12 184 335 333 828 956 448
398 9 2 10 12 230 358 270 958 935 618
399 9 2 10 12 108 258 403 918 959 960
400 9 2 10 12 64 404 259 961 962 922
401 9 2 10 12 142 143 356 180 963 953
402 9 2 10 12 13 14 311 21 732 964
403 9 2 10 12 246 296 408 730 965 914
404 9 2 10 12 229 359 264 966 967 613
405 9 2 10 12 17 18 301 25 843 968
406 9 2 10 12 47 264 359 827 967 969
407 9 2 10 12 16 345 286 970 971 833
408 9 2 10 12 227 360 265 972 973 647
409 9 2 10 12 50 265 360 819 973 974
410 9 2 10 12 7 8 375 10 807 975
411 9 2 10 12 4 357 29 976 977 33
412 9 2 10 12 232 371 289 978 979 495
413 9 2 10 12 39 289 371 907 979 980
414 9 2 10 12 221 364 266 981 982 652
415 9 2 10 12 53 266 364 799 982 983
416 9 2 10 12 233 382 384 921 932 984
417 9 2 10 12 223 369 267 985 986 662
418 9 2 10 12 56 267 369 796 986 987
419 9 2 10 12 193 353 262 988 848 989
420 9 2 10 12 193 262 384 989 990 991
421 9 2 10 12 134 135 336 172 992 993
422 9 2 10 12 225 370 269 994 995 657
423 9 2 10 12 59 269 370 802 995 996
424 9 2 10 12 135 282 336 880 569 992
425 9 2 10 12 212 348 297 705 873 603
426 9 2 10 12 63 64 379 95 923 997
427 9 2 10 12 192 373 290 803 437 463
428 9 2 10 12 108 109 381 146 998 917
429 9 2 10 12 113 362 271 999 1000 805
430 9 2 10 12 116 363 272 1001 1002 809
431 9 2 10 12 111 273 361 804 1003 1004
432 9 2 10 12 119 365 275 1005 1006 811
433 9 2 10 12 114 276 362 808 1007 1008
434 9 2 10 12 219 271 362 621 1000 1009
435 9 2 10 12 122 366 277 1010 1011 813
436 9 2 10 12 117 278 363 810 1012 1013
437 9 2 10 12 125 368 279 1014 1015 815
438 9 2 10 12 220 272 363 624 1002 1016
439 9 2 10 12 120 280 365 812 1017 1018
440 9 2 10 12 218 361 273 949 1003 1019
441 9 2 10 12 222 275 365 629 1006 1020
442 9 2 10 12 123 281 366 814 1021 1022
443 9 2 10 12 219 362 276 1009 1007 1023
444 9 2 10 12 224 277 366 632 1011 1024
445 9 2 10 12 126 283 368 818 1025 1026
446 9 2 10 12 220 363 278 1016 1012 539
447 9 2 10 12 226 279 368 635 1015 1027
448 9 2 10 12 222 365 280 1020 1017 544
449 9 2 10 12 224 366 281 1024 1021 549
450 9 2 10 12 226 368 283 1027 1025 554
451 9 2 10 12 143 284 356 851 1028 963
452 9 2 10 12 40 41 350 72 709 1029
453 9 2 10 12 128 390 303 1030 1031 926
454 9 2 10 12 197 412 352 1032 1033 1034
455 9 2 10 12 141 352 250 1035 1036 838
456 9 2 10 12 12 380 383 1037 1038 1039
457 9 2 10 12 216 346 337 941 491 894
458 9 2 10 12 137 268 382 916 933 1040
459 9 2 10 12 29 357 246 977 728 506
460 9 2 10 12 228 285 372 534 1041 947
461 9 2 10 12 61 372 285 1042 1041 822
462 9 2 10 12 194 347 378 538 905 1043
463 9 2 10 12 4 34 357 65 766 976
464 9 2 10 12 12 13 380 20 1044 1037
465 9 2 10 12 225 287 370 523 1045 994
466 9 2 10 12 58 370 287 1046 1045 824
467 9 2 10 12 250 352 412 1036 1033 1047
468 9 2 10 12 235 336 385 1048 671 893
469 9 2 10 12 223 288 369 1049 1050 985
470 9 2 10 12 109 261 381 734 816 998
471 9 2 10 12 55 369 288 1051 1050 825
472 9 2 10 12 63 379 260 997 826 738
473 9 2 10 12 218 273 355 1019 1052 1053
474 9 2 10 12 203 355 273 1054 1052 715
475 9 2 10 12 219 276 354 1023 1055 500
476 9 2 10 12 204 354 276 1056 1055 716
477 9 2 10 12 304 317 391 924 1057 1058
478 9 2 10 12 233 384 262 984 990 755
479 9 2 10 12 305 316 392 927 1059 1060
480 9 2 10 12 16 17 345 24 1061 970
481 9 2 10 12 221 291 364 1062 1063 981
482 9 2 10 12 306 314 393 929 1064 1065
483 9 2 10 12 52 364 291 1066 1063 823
484 9 2 10 12 308 313 394 934 1067 1068
485 9 2 10 12 205 288 367 710 1069 1070
486 9 2 10 12 223 367 288 505 1069 1049
487 9 2 10 12 141 142 352 179 1071 1035
488 9 2 10 12 142 294 352 955 1072 1071
489 9 2 10 12 227 292 360 1073 1074 972
490 9 2 10 12 49 360 292 1075 1074 795
491 9 2 10 12 215 356 284 1076 1028 513
492 9 2 10 12 307 395 320 1077 1078 951
493 9 2 10 12 2 12 383 19 1039 1079
494 9 2 10 12 229 293 359 1080 1081 966
495 9 2 10 12 46 359 293 1082 1081 767
496 9 2 10 12 240 343 302 854 1083 481
497 9 2 10 12 217 302 343 723 1083 561
498 9 2 10 12 196 341 310 1084 1085 1086
499 9 2 10 12 197 352 294 1034 1072 452
500 9 2 10 12 237 303 390 446 1031 1087
501 9 2 10 12 309 400 323 1088 1089 957
502 9 2 10 12 133 134 399 171 1090 1091
503 9 2 10 12 40 350 289 1029 948 906
504 9 2 10 12 17 301 345 968 1092 1061
505 9 2 10 12 185 324 405 790 1093 1094
506 9 2 10 12 2 383 8 1079 806 11
507 9 2 10 12 193 384 268 991 931 524
508 9 2 10 12 233 406 282 757 1095 919
509 9 2 10 12 194 387 249 1096 1097 685
510 9 2 10 12 144 407 284 1098 1099 850
511 9 2 10 12 231 296 386 1100 1101 874
512 9 2 10 12 139 140 347 177 902 510
513 9 2 10 12 202 396 306 1102 1103 867
514 9 2 10 12 185 405 307 1094 1104 950
515 9 2 10 12 195 282 406 570 1095 1105
516 9 2 10 12 201 397 305 1106 1107 864
517 9 2 10 12 242 284 375 514 1108 724
518 9 2 10 12 200 398 304 1109 1110 861
519 9 2 10 12 215 294 356 469 954 1076
520 9 2 10 12 237 344 338 846 1111 455
521 9 2 10 12 234 402 310 1112 1113 1114
522 9 2 10 12 230 297 358 609 1115 958
523 9 2 10 12 43 358 297 1116 1115 696
524 9 2 10 12 191 338 344 937 1111 413
525 9 2 10 12 133 399 337 1091 1117 490
526 9 2 10 12 35 386 296 1118 1101 834
527 9 2 10 12 3 295 351 939 1119 483
528 9 2 10 12 231 408 296 1120 965 1100
529 9 2 10 12 183 310 341 713 1085 840
530 9 2 10 12 221 396 291 1121 1122 1062
531 9 2 10 12 242 383 380 726 1038 535
532 9 2 10 12 5 404 64 1123 961 96
533 9 2 10 12 202 291 396 717 1122 1102
534 9 2 10 12 196 310 402 1086 1113 1124
535 9 2 10 12 6 108 403 145 960 1125
536 9 2 10 12 227 397 292 1126 1127 1073
537 9 2 10 12 201 292 397 714 1127 1106
538 9 2 10 12 229 398 293 1128 1129 1080
539 9 2 10 12 232 299 371 682 1130 978
540 9 2 10 12 200 293 398 794 1129 1109
541 9 2 10 12 190 377 319 1131 1132 881
542 9 2 10 12 234 310 353 1114 849 1133
543 9 2 10 12 189 376 318 1134 1135 884
544 9 2 10 12 43 44 358 75 936 1116
545 9 2 10 12 188 374 315 1136 1137 887
546 9 2 10 12 38 371 299 1138 1130 702
547 9 2 10 12 128 129 390 166 1139 1030
548 9 2 10 12 6 403 101 1125 1140 107
549 9 2 10 12 46 47 359 78 969 1082
550 9 2 10 12 5 97 404 102 1141 1123
551 9 2 10 12 49 50 360 81 974 1075
552 9 2 10 12 110 111 361 148 1004 945
553 9 2 10 12 113 114 362 151 1008 999
554 9 2 10 12 52 53 364 84 983 1066
555 9 2 10 12 116 117 363 154 1013 1001
556 9 2 10 12 119 120 365 157 1018 1005
557 9 2 10 12 122 123 366 160 1022 1010
558 9 2 10 12 38 39 371 70 980 1138
559 9 2 10 12 55 56 369 87 987 1051
560 9 2 10 12 125 126 368 163 1026 1014
561 9 2 10 12 58 59 370 90 996 1046
562 9 2 10 12 61 62 372 93 944 1042
563 9 2 10 12 221 315 374 653 1137 1142
564 9 2 10 12 136 137 382 174 1040 952
565 9 2 10 12 203 307 355 857 1143 1054
566 9 2 10 12 204 309 354 860 687 1056
567 9 2 10 12 227 318 376 648 1135 1144
568 9 2 10 12 197 286 409 832 1145 1146
569 9 2 10 12 229 319 377 614 1132 1147
570 9 2 10 12 1 407 144 1148 1098 182
571 9 2 10 12 35 36 386 67 911 1118
572 9 2 10 12 284 407 375 1099 1149 1108
573 9 2 10 12 205 367 308 1070 677 870
574 9 2 10 12 307 405 355 1104 1150 1143
575 9 2 10 12 134 336 399 993 1151 1090
576 9 2 10 12 188 306 374 930 1152 1136
577 9 2 10 12 189 305 376 928 1153 1134
578 9 2 10 12 236 345 301 1154 1092 1155
579 9 2 10 12 190 304 377 925 1156 1131
580 9 2 10 12 248 388 300 913 820 750
581 9 2 10 12 195 300 385 751 462 670
582 9 2 10 12 306 396 374 1103 1157 1152
583 9 2 10 12 1 7 407 9 1158 1148
584 9 2 10 12 100 101 410 106 1159 1160
585 9 2 10 12 97 98 411 103 1161 1162
586 9 2 10 12 305 397 376 1107 1163 1153
587 9 2 10 12 304 398 377 1110 1164 1156
588 9 2 10 12 196 402 274 1124 1165 908
589 9 2 10 12 274 402 295 1165 1166 942
590 9 2 10 12 251 304 391 862 1058 706
591 9 2 10 12 252 305 392 865 1060 777
592 9 2 10 12 253 306 393 868 1065 781
593 9 2 10 12 13 311 380 964 700 1044
594 9 2 10 12 254 308 394 871 1068 785
595 9 2 10 12 255 400 309 763 1088 859
596 9 2 10 12 256 395 307 721 1077 856
597 9 2 10 12 213 335 388 665 829 912
598 9 2 10 12 129 339 390 526 1167 1139
599 9 2 10 12 235 399 336 1168 1151 1048
600 9 2 10 12 218 405 324 1169 1093 698
601 9 2 10 12 206 394 313 779 1067 542
602 9 2 10 12 208 393 314 775 1064 547
603 9 2 10 12 210 392 316 773 1059 552
604 9 2 10 12 211 391 317 718 1057 559
605 9 2 10 12 209 320 395 532 1078 727
606 9 2 10 12 100 410 322 1160 1170 502
607 9 2 10 12 207 323 400 521 1089 764
608 9 2 10 12 98 325 411 503 1171 1161
609 9 2 10 12 258 322 410 897 1170 1172
610 9 2 10 12 259 411 325 1173 1171 900
611 9 2 10 12 231 341 408 847 1174 1120
612 9 2 10 12 234 351 295 1175 1119 1176
613 9 2 10 12 235 337 399 878 1117 1168
614 9 2 10 12 286 345 409 971 1177 1145
615 9 2 10 12 237 390 339 1087 1167 844
616 9 2 10 12 196 408 341 915 1174 1084
617 9 2 10 12 234 353 401 1133 1178 1179
618 9 2 10 12 234 401 351 1179 1180 1175
619 9 2 10 12 249 387 301 1097 1181 842
620 9 2 10 12 195 406 340 1105 788 891
621 9 2 10 12 97 411 404 1162 1182 1141
622 9 2 10 12 101 403 410 1140 1183 1159
623 9 2 10 12 238 351 401 830 1180 416
624 9 2 10 12 258 410 403 1172 1183 959
625 9 2 10 12 234 295 402 1176 1166 1112
626 9 2 10 12 259 404 411 962 1182 1173
627 9 2 10 12 194 378 387 1043 1184 1096
628 9 2 10 12 236 301 387 1155 1181 1185
629 9 2 10 12 218 355 405 1053 1150 1169
630 9 2 10 12 193 401 353 423 1178 988
631 9 2 10 12 236 378 412 1186 1187 1188
632 9 2 10 12 221 374 396 1142 1157 1121
633 9 2 10 12 227 376 397 1144 1163 1126
634 9 2 10 12 236 387 378 1185 1184 1186
635 9 2 10 12 229 377 398 1147 1164 1128
636 9 2 10 12 197 409 412 1146 1189 1032
637 9 2 10 12 236 409 345 1190 1177 1154
638 9 2 10 12 7 375 407 975 1149 1158
639 9 2 10 12 250 412 378 1047 1187 904
640 9 2 10 12 236 412 409 1188 1189 1190
$EndElements
